308
644
633
656
669
664
656
672
636
625
600
628
617
647
656
650
631
633
619
600
583
606
611
639
650
633
631
589
619
594
617
600
619
631
667
675
625
611
625
650
628
628
658
672
683
675
636
625
639
653
664
653
683
686
683
672
644
642
656
700
578
800
697
697
678
675
656
644
692
731
711
692
694
672
683
664
667
697
744
714
694
686
664
681
686
678
692
744
725
697
681
675
672
694
689
703
725
742
694
661
669
667
694
711
719
714
744
697
664
667
678
714
725
722
708
558
858
664
689
686
725
750
722
703
725
697
678
678
706
728
758
722
694
703
711
689
675
558
883
736
728
686
681
714
692
683
719
728
739
719
692
686
714
700
711
731
731
739
722
683
669
711
714
725
722
725
711
708
678
672
697
744
728
703
722
689
700
689
689
694
758
733
703
706
689
686
633
747
683
733
733
711
667
672
661
689
686
708
719
744
708
664
672
667
697
717
700
700
742
697
669
661
675
689
728
711
697
719
708
667
650
675
675
711
714
706
681
700
667
653
669
689
728
742
703
683
694
689
683
678
717
739
744
706
683
700
700
689
700
733
728
742
700
672
681
708
694
694
719
700
717
686
664
647
692
700
703
694
717
711
700
667
658
706
728
728
708
717
692
694
669
675
700
742
725
703
706
678
683
694
683
689
742
733
711
689
686
678
703
697
700
736
758
711
667
683
672
700
714
731
717
756
708
675
681
692
717
736
725
711
728
703
683
669
692
717
744
719
706
714
706
683
669
703
711
747
728
700
697
719
678
558
808
703
747
719
689
658
689
661
658
669
689
692
678
653
639
628
678
653
653
672
689
694
689
636
633
667
692
692
683
706
697
700
678
664
683
739
728
714
736
714
717
703
697
700
772
756
733
736
714
717
708
711
722
781
758
714
708
694
717
706
714
736
781
725
697
692
678
700
714
714
719
756
722
686
689
689
708
711
775
719
750
722
689
675
700
711
742
736
719
725
731
694
675
711
731
756
742
728
714
719
694
681
717
728
758
736
711
694
731
697
703
736
739
767
736
697
681
731
708
706
747
733
747
728
697
678
742
722
722
739
725
711
700
669
658
714
711
711
689
681
678
656
631
631
639
706
658
664
644
636
633
653
617
625
656
700
661
642
650
636
642
653
639
650
683
706
669
636
642
633
656
667
667
672
708
708
683
642
653
650
683
689
703
700
731
694
661
658
669
706
736
708
706
736
717
681
667
697
708
750
731
711
722
719
689
675
703
719
750
736
719
683
717
683
672
703
722
750
744
706
669
700
694
703
700
733
736
725
678
669
686
706
700
706
725
703
714
681
669
672
725
711
717
722
714
708
706
686
669
742
750
728
708
708
700
703
675
683
739
756
731
692
700
689
697
686
697
742
753
725
522
847
672
711
692
542
903
753
714
675
672
664
689
708
706
697
733
683
658
661
672
697
728
728
706
736
706
672
667
692
717
747
719
711
728
703
689
669
703
719
756
725
700
708
714
694
681
719
731
753
728
697
697
717
694
683
728
731
750
728
697
686
731
708
711
747
736
750
717
703
686
725
719
725
733
725
733
714
683
669
725
731
728
708
719
694
689
664
667
717
669
797
692
711
672
692
689
683
703
756
719
689
672
669
683
697
683
689
733
744
711
661
686
689
714
711
722
758
753
714
539
844
706
764
736
733
764
742
697
689
706
714
758
739
725
744
717
694
686
711
742
775
731
714
725
703
558
814
719
767
758
722
694
722
694
686
697
728
747
750
700
667
706
694
689
708
736
739
744
697
667
694
714
714
703
739
731
731
689
678
708
739
742
733
750
742
728
689
694
722
750
747
733
744
714
728
697
703
739
775
756
739
733
706
728
711
711
758
786
750
714
722
706
719
717
731
758
769
731
686
700
692
714
717
731
744
747
714
681
686
689
733
739
728
728
750
700
675
697
703
756
750
728
733
750
694
683
539
894
756
756
725
717
731
700
683
725
742
758
617
828
706
733
700
703
731
744
756
719
686
703
719
706
708
744
736
756
706
681
711
722
728
725
756
742
739
694
681
714
733
742
731
747
739
722
689
689
731
750
750
725
731
725
722
683
683
753
756
733
725
711
700
711
681
686
744
758
608
825
706
697
706
711
719
750
769
742
697
703
697
719
733
736
750
767
725
683
694
700
739
739
744
747
750
703
686
706
706
761
747
736
736
742
700
686
722
725
772
589
900
714
747
708
692
736
747
767
733
708
711
725
711
700
744
747
758
719
692
722
719
722
731
753
764
753
697
678
719
717
728
728
742
739
739
697
672
722
733
733
725
739
731
717
694
689
742
744
739
736
728
725
708
694
700
761
750
736
733
703
711
708
697
711
767
747
708
714
692
708
717
708
731
783
747
708
700
694
711
719
731
742
772
733
697
692
694
725
744
744
728
761
706
686
683
689
728
767
733
714
739
703
686
672
708
725
756
731
697
719
708
686
686
719
728
744
725
703
689
708
694
689
731
739
758
725
703
697
731
717
714
750
744
758
714
686
714
731
728
731
753
733
739
700
683
722
742
744
731
753
725
717
692
683
722
750
747
725
733
717
714
692
692
744
761
744
722
711
708
717
697
694
767
750
725
725
700
708
719
714
717
772
747
714
706
694
711
719
728
731
769
742
700
686
697
719
736
731
736
772
719
689
694
700
731
750
742
733
758
703
681
692
703
731
764
742
708
731
700
689
694
722
756
767
736
703
636
789
703
714
747
764
756
731
694
719
711
719
731
756
758
756
703
686
717
717
731
744
744
744
733
689
683
717
736
736
725
742
714
717
683
678
731
753
739
728
728
717
708
692
694
756
747
744
731
714
714
722
706
714
775
753
731
722
692
714
722
711
728
778
739
703
697
692
708
719
722
731
769
728
683
689
683
717
714
733
731
758
717
686
694
686
728
742
736
725
747
700
672
683
686
733
750
725
711
586
850
664
700
706
733
747
728
692
708
683
681
683
717
739
750
722
692
694
697
694
550
881
725
756
700
683
692
717
700
703
742
728
742
703
686
694
731
722
719
756
728
728
706
692
694
750
744
728
742
722
717
706
697
703
769
758
725
728
703
722
700
700
728
783
750
722
714
689
711
697
708
739
775
736
700
708
686
711
714
731
744
772
733
694
697
700
722
731
736
753
756
714
683
703
714
744
733
728
756
725
689
681
700
714
761
744
725
758
719
697
700
725
753
778
750
722
739
711
692
706
731
767
764
736
711
739
703
697
722
739
758
747
711
692
722
692
694
736
733
744
739
703
678
711
706
714
728
742
736
733
689
683
719
736
739
725
664
814
706
694
686
725
744
744
722
731
711
706
631
747
731
764
744
719
711
689
706
697
697
744
769
736
700
703
686
706
708
714
753
767
722
686
697
694
714
725
578
919
761
728
689
697
711
736
733
731
744
736
697
683
694
711
761
739
719
739
711
686
672
703
725
750
736
711
728
706
692
686
722
750
767
733
703
719
700
697
703
611
869
756
722
683
711
706
700
708
742
597
906
694
686
717
711
706
722
739
742
736
700
681
714
722
639
833
739
742
719
692
683
714
736
750
728
733
719
717
692
692
725
761
742
719
717
692
703
692
700
731
775
731
711
706
681
706
708
717
731
772
739
514
875
683
728
722
744
736
775
728
686
694
694
731
625
853
739
772
703
681
697
697
739
739
731
733
742
683
675
692
700
739
744
728
708
725
689
675
697
714
750
742
719
697
714
689
678
703
722
653
836
714
711
722
694
692
739
731
756
722
692
692
717
700
706
744
731
744
719
689
683
728
725
714
739
733
733
694
686
697
739
733
725
736
719
722
683
686
697
753
731
719
728
697
703
703
689
697
767
744
717
719
697
703
722
703
706
772
750
719
697
697
706
717
717
719
758
742
714
686
697
708
731
725
731
756
736
706
686
697
717
750
739
722
747
722
686
672
703
717
753
722
714
744
714
689
681
719
744
764
731
708
719
703
689
692
722
756
764
725
694
719
706
697
711
731
747
761
711
675
717
694
703
731
744
753
744
703
683
728
708
711
739
742
747
714
689
686
722
719
728
739
719
733
706
683
681
736
733
719
733
717
711
700
686
689
758
742
717
731
706
703
700
697
692
756
744
719
708
692
700
708
700
706
750
744
725
686
681
692
711
697
708
742
756
711
675
689
689
717
725
731
747
756
703
675
700
697
736
742
736
731
750
700
678
700
711
644
853
733
717
733
703
669
703
722
761
736
717
703
722
689
681
717
722
756
736
700
694
719
700
694
733
733
744
728
697
683
722
700
703
739
731
742
706
686
686
722
717
711
733
728
731
689
675
689
733
719
711
733
714
719
694
678
694
747
736
717
731
708
703
692
689
694
764
747
714
714
697
708
689
692
711
772
731
706
703
678
700
703
703
722
764
731
706
692
686
700
728
722
719
758
728
700
678
689
708
739
739
717
747
733
694
664
697
714
733
728
722
731
706
683
672
700
719
753
731
725
717
722
689
681
717
728
761
742
706
697
728
703
681
739
733
753
731
694
694
725
706
703
736
658
831
708
700
700
728
719
725
742
736
736
692
681
700
725
722
725
739
717
722
686
675
706
739
736
711
736
711
703
683
675
708
750
739
714
722
700
700
683
692
725
758
742
722
714
686
703
697
697
731
761
600
825
692
672
700
689
697
719
753
711
664
669
669
686
694
714
706
739
708
675
664
658
681
686
692
686
692
700
639
622
594
600
614
633
664
683
664
694
631
639
633
656
672
692
678
667
658
683
644
642
672
700
728
733
689
661
681
683
672
672
717
717
722
694
672
681
714
708
708
747
744
758
714
697
725
744
739
747
756
756
750
711
697
747
639
872
747
747
725
717
692
683
731
742
722
736
714
717
714
700
706
772
758
739
733
700
731
711
711
744
794
758
725
733
708
725
717
731
769
781
750
714
722
725
742
742
753
792
775
722
711
714
747
750
744
756
792
728
700
706
706
747
750
750
739
758
700
681
706
703
747
753
744
717
742
700
678
706
706
744
733
703
683
672
639
656
622
694
683
711
650
678
631
683
631
658
667
692
678
700
653
622
717
661
653
650
681
667
642
669
633
622
664
686
694
686
714
703
697
686
675
692
750
742
722
736
725
717
694
694
725
769
750
739
733
714
722
706
697
758
772
681
781
703
708
719
692
694
753
764
725
700
697
697
586
847
717
789
742
728
703
711
725
736
744
756
769
742
703
706
689
728
744
744
739
769
728
686
703
697
739
767
750
758
769
719
700
736
753
781
758
758
761
731
722
717
742
786
792
761
728
664
794
703
744
742
783
772
731
703
739
717
708
744
744
769
744
717
697
756
733
731
761
756
758
717
694
708
747
572
911
742
764
736
700
694
733
767
764
736
747
739
733
692
686
772
658
861
742
742
731
731
711
722
806
764
742
736
725
733
736
739
764
783
764
719
708
717
739
731
750
794
767
731
728
719
744
753
764
775
803
736
708
728
725
750
750
758
772
753
708
700
711
739
761
758
742
769
725
700
719
728
772
775
756
750
758
706
694
736
739
778
753
739
739
742
719
706
764
775
783
758
714
731
744
725
742
767
781
786
731
711
744
739
656
867
764
778
725
711
703
747
733
739
761
739
742
717
708
725
769
758
756
769
736
728
722
711
753
789
767
747
750
739
739
722
739
775
744
708
686
667
678
719
669
675
692
700
697
672
653
664
683
694
683
722
739
711
667
672
669
703
722
731
750
767
728
700
708
728
625
903
747
792
744