85
103
121
139
157
174
192
210
227
244
262
279
296
312
329
345
361
377
393
409
424
439
454
468
483
497
510
524
537
550
563
575
587
599
610
621
632
643
653
663
673
682
691
700
709
717
725
733
740
747
754
761
767
773
779
785
790
795
800
805
809
814
818
822
825
829
832
835
838
841
844
846
848
851
853
855
856
858
860
861
862
864
865
866
867
868
869
869
870
871
871
872
872
873
873
873
874
874
874
875
875
875
875
875
876
876
876
876
876
877
877
877
877
878
878
878
878
879
879
879
879
880
880
881
881
881
882
882
883
883
884
884
885
886
886
887
888
888
889
890
891
891
892
893
894
895
896
897
898
899
900
901
902
903
904
905
906
907
909
910
911
912
913
914
915
917
918
919
920
921
922
923
924
925
926
927
928
929
930
931
932
933
934
934
935
936
936
937
938
938
939
939
939
940
940
940
940
940
940
940
940
940
940
940
940
939
939
939
938
938
937
937
936
935
935
934
933
932
931
930
929
928
927
926
925
923
922
921
919
918
917
915
914
912
911
909
908
906
904
903
901
900
898
896
895
893
892
890
888
887
885
883
882
880
879
877
876
874
873
872
870
869
868
866
865
864
863
862
861
860
859
858
857
857
856
855
855
854
854
853
853
853
853
853
852
852
852
853
853
853
853
853
854
854
855
855
856
857
857
858
859
860
860
861
862
863
864
865
867
868
869
870
871
872
874
875
876
878
879
880
882
883
884
886
887
888
890
891
892
894
895
897
898
899
901
902
903
905
906
907
909
910
911
912
913
915
916
917
918
919
920
921
922
923
925
925
926
927
928
929
930
931
932
933
933
934
935
936
936
937
938
938
939
940
940
941
941
942
942
943
943
944
944
944
945
945
945
946
946
946
947
947
947
947
947
947
948
948
948
948
948
948
948
948
948
948
948
948
947
947
947
947
947
946
946
946
946
945
945
944
944
944
943
943
942
942
941
940
940
939
938
938
937
936
935
935
934
933
932
931
930
929
928
927
925
924
923
922
921
919
918
917
915
914
912
911
909
908
906
905
903
902
900
898
897
895
893
891
890
888
886
884
882
881
879
877
875
873
871
869
867
866
864
862
860
858
856
854
853
851
849
847
845
843
842
840
838
836
835
833
831
830
828
826
825
823
822
820
819
817
816
814
813
811
810
808
807
806
804
803
802
800
799
798
797
795
794
793
792
791
789
788
787
786
785
784
783
781
780
779
778
777
776
775
774
773
772
771
770
769
768
767
766
765
764
763
762
761
760
759
758
757
756
755
753
752
751
750
749
748
747
746
745
744
743
742
741
740
739
738
737
736
735
733
732
731
730
729
728
727
726
725
724
722
721
720
719
718
717
716
714
713
712
711
710
708
707
706
705
704
702
701
700
699
697
696
695
694
692
691
690
688
687
686
684
683
681
680
679
677
676
674
673
671
670
668
667
665
664
662
661
659
658
656
654
653
651
650
648
647
645
643
642
640
639
637
636
634
633
631
630
628
627
625
624
622
621
620
618
617
616
614
613
612
611
610
609
608
607
606
605
604
603
602
601
601
600
599
599
598
598
597
597
596
596
596
595
595
595
595
595
595
595
595
595
596
596
596
596
597
597
598
598
599
599
600
601
601
602
603
604
605
606
606
607
608
610
611
612
613
614
615
616
618
619
620
622
623
624
626
627
628
630
631
633
634
636
637
639
640
642
643
645
646
648
650
651
653
654
656
657
659
661
662
664
665
667
669
670
672
673
675
676
678
680
681
683
684
686
687
689
690
692
693
695
696
698
699
701
702
703
705
706
708
709
710
712
713
714
716
717
718
720
721
722
723
725
726
727
728
730
731
732
733
735
736
737
738
739
741
742
743
744
745
747
748
749
750
751
753
754
755
756
758
759
760
761
763
764
765
767
768
769
771
772
774
775
777
778
780
781
783
784
786
788
789
791
793
795
796
798
800
802
804
806
808
810
812
814
816
819
821
823
825
828
830
832
835
837
840
842
845
847
850
852
855
858
861
863
866
869
872
875
877
880
883
886
889
892
895
898
901
904
907
910
913
917
920
923
926
929
932
935
938
941
944
947
950
953
956
959
962
965
968
971
974
976
979
982
985
987
990
993
995
998
1000
1003
1005
1008
1010
1012
1015
1017
1019
1021
1023
1026
1028
1030
1032
1033
1035
1037
1039
1041
1042
1044
1046
1047
1049
1050
1052
1053
1055
1056
1057
1059
1060
1061
1062
1063
1064
1065
1066
1067
1068
1069
1070
1071
1072
1072
1073
1074
1074
1075
1076
1076
1077
1077
1077
1078
1078
1079
1079
1079
1080
1080
1080
1080
1080
1081
1081
1081
1081
1081
1081
1081
1081
1081
1081
1081
1081
1081
1081
1081
1081
1081
1081
1081
1081
1081
1081
1081
1081
1080
1080
1080
1080
1080
1080
1080
1080
1080
1080
1080
1079
1079
1079
1079
1079
1079
1079
1079
1079
1079
1079
1079
1079
1079
1079
1079
1079
1079
1079
1079
1079
1079
1079
1079
1079
1079
1079
1079
1079
1079
1079
1079
1079
1079
1079
1079
1079
1079
1079
1079
1079
1079
1079
1079
1079
1079
1079
1079
1079
1079
1079
1079
1080
1080
1080
1080
1080
1080
1080
1080
1080
1080
1081
1081
1081
1081
1081
1081
1081
1081
1082
1082
1082
1082
1082
1082
1083
1083
1083
1083
1083
1084
1084
1084
1084
1084
1085
1085
1085
1085
1085
1086
1086
1086
1086
1086
1087
1087
1087
1087
1087
1087
1088
1088
1088
1088
1088
1088
1089
1089
1089
1089
1089
1089
1089
1089
1089
1089
1090
1090
1090
1090
1090
1090
1089
1089
1089
1089
1089
1089
1089
1089
1088
1088
1088
1088
1087
1087
1087
1086
1086
1085
1085
1084
1084
1083
1082
1082
1081
1080
1080
1079
1078
1077
1076
1075
1074
1073
1072
1071
1070
1069
1068
1067
1066
1064
1063
1062
1060
1059
1058
1056
1055
1054
1052
1051
1049
1048
1046
1045
1043
1042
1040
1038
1037
1035
1034
1032
1031
1029
1028
1026
1025
1023
1022
1020
1019
1017
1016
1015
1013
1012
1011
1010
1009
1007
1006
1005
1004
1003
1002
1002
1001
1000
999
999
998
997
997
996
996
996
995
995
995
995
995
995
995
995
995
995
995
996
996
996
997
997
998
999
999
1000
1001
1002
1002
1003
1004
1005
1006
1007
1008
1010
1011
1012
1013
1014
1016
1017
1018
1019
1021
1022
1023
1025
1026
1027
1029
1030
1031
1033
1034
1035
1037
1038
1039
1041
1042
1043
1045
1046
1047
1048
1049
1051
1052
1053
1054
1055
1056
1057
1058
1059
1060
1061
1062
1063
1063
1064
1065
1066
1066
1067
1067
1068
1069
1069
1070
1070
1070
1071
1071
1071
1072
1072
1072
1072
1072
1073
1073
1073
1073
1073
1073
1073
1073
1073
1073
1072
1072
1072
1072
1072
1072
1071
1071
1071
1071
1070
1070
1070
1069
1069
1069
1068
1068
1068
1067
1067
1067
1066
1066
1066
1065
1065
1064
1064
1063
1063
1063
1062
1062
1061
1061
1060
1060
1060
1059
1059
1058
1058
1057
1057
1056
1056
1055
1055
1054
1054
1053
1053
1052
1052
1051
1051
1050
1050
1049
1049
1048
1048
1047
1047
1046
1046
1045
1045
1044
1044
1043
1043
1042
1042
1041
1041
1040
1040
1039
1039
1038
1038
1037
1037
1036
1036
1035
1035
1035
1034
1034
1033
1033
1032
1032
1032
1031
1031
1031
1030
1030
1030
1029
1029
1029
1029
1028
1028
1028
1028
1027
1027
1027
1027
1027
1026
1026
1026
1026
1026
1026
1026
1025
1025
1025
1025
1025
1025
1025
1025
1025
1024
1024
1024
1024
1024
1024
1024
1024
1024
1024
1024
1024
1023
1023
1023
1023
1023
1023
1023
1023
1023
1023
1023
1023
1023
1023
1023
1023
1023
1023
1023
1023
1023
1023
1023
1023
1023
1023
1024
1024
1024
1024
1024
1024
1024
1024
1024
1025
1025
1025
1025
1025
1025
1026
1026
1026
1026
1027
1027
1027
1027
1028
1028
1028
1028
1029
1029
1029
1030
1030
1030
1031
1031
1032
1032
1032
1033
1033
1034
1034
1034
1035
1035
1036
1036
1037
1037
1038
1038
1039
1039
1040
1040
1040
1041
1041
1042
1042
1043
1043
1044
1044
1045
1045
1045
1046
1046
1047
1047
1047
1048
1048
1049
1049
1049
1049
1050
1050
1050
1051
1051
1051
1051
1051
1052
1052
1052
1052
1052
1052
1052
1052
1052
1052
1052
1052
1052
1052
1052
1052
1052
1052
1052
1052
1052
1052
1052
1052
1051
1051
1051
1051
1051
1051
1050
1050
1050
1050
1050
1049
1049
1049
1049
1048
1048
1048
1048
1047
1047
1047
1047
1046
1046
1046
1046
1046
1045
1045
1045
1045
1045
1044
1044
1044
1044
1044
1044
1043
1043
1043
1043
1043
1043
1043
1043
1043
1043
1043
1043
1043
1043
1043
1044
1044
1044
1044
1044
1044
1045
1045
1045
1045
1045
1046
1046
1046
1047
1047
1047
1048
1048
1048
1049
1049
1049
1050
1050
1051
1051
1051
1052
1052
1053
1053
1053
1054
1054
1054
1055
1055
1056
1056
1056
1057
1057
1057
1058
1058
1058
1059
1059
1059
1060
1060
1060
1060
1061
1061
1061
1061
1061
1062
1062
1062
1062
1062
1062
1063
1063
1063
1063
1063
1063
1063
1063
1063
1063
1063
1064
1064
1064
1064
1064
1064
1064
1064
1064
1064
1064
1064
1064
1064
1065
1065
1065
1065
1065
1065
1065
1065
1065
1066
1066
1066
1066
1066
1066
1067
1067
1067
1067
1067
1067
1068
1068
1068
1068
1068
1069
1069
1069
1069
1069
1069
1070
1070
1070
1070
1070
1070
1071
1071
1071
1071
1071
1071
1071
1071
1072
1072
1072
1072
1072
1072
1072
1072
1072
1072
1072
1072
1072
1072
1072
1072
1072
1072
1072
1072
1072
1072
1072
1072
1072
1072
1072
1071
1071
1071
1071
1071
1071
1071
1070
1070
1070
1070
1070
1069
1069
1069
1069
1068
1068
1068
1068
1067
1067
1067
1066
1066
1065
1065
1064
1064
1063
1063
1062
1062
1061
1060
1059
1059
1058
1057
1056
1055
1054
1053
1052
1051
1050
1049
1047
1046
1045
1043
1042
1040
1039
1037
1035
1034
1032
1030
1028
1026
1024
1022
1019
1017
1015
1013
1010
1008
1005
1002
1000
997
994
991
988
985
982
979
976
973
969
966
963
959
956
952
948
945
941
937
933
930
926
922
918
914
910
905
901
897
893
889
885
880
876
872
867
863
859
854
850
846
841
837
833
828
824
819
815
811
806
802
798
794
789
785
781
777
773
769
765
761
757
753
749
745
742
738
734
731
727
724
720
717
714
711
707
704
701
698
696
693
690
687
685
682
680
678
675
673
671
669
667
665
663
661
659
658
656
654
653
651
650
649
648
646
645
644
643
642
641
640
639
639
638
637
637
636
636
635
635
634
634
633
633
633
632
632
632
632
632
631
631
631
631
631
631
631
631
631
631
632
632
632
632
632
632
632
633
633
633
633
634
634
634
634
635
635
635
636
636
636
637
637
637
638
638
639
639
639
640
640
640
641
641
642
642
642
643
643
644
644
644
645
645
646
646
646
647
647
648
648
648
649
649
650
650
650
651
651
652
652
652
653
653
654
654
654
655
655
656
656
656
657
657
658
658
658
659
659
660
660
661
661
662
662
663
663
664
664
665
665
666
666
667
668
668
669
669
670
670
671
672
672
673
674
674
675
676
676
677
678
678
679
680
681
681
682
683
683
684
685
686
686
687
688
688
689
690
691
691
692
693
693
694
695
695
696
696
697
698
698
699
699
700
700
701
701
702
702
703
703
704
704
704
705
705
705
705
706
706
706
706
706
706
706
706
706
706
706
706
706
706
705
705
705
705
704
704
704
703
703
702
702
701
701
700
700
699
698
698
697
696
696
695
694
693
693
692
691
690
689
688
687
686
685
684
683
682
681
680
679
678
677
676
675
674
673
672
671
669
668
667
666
665
664
663
662
661
659
658
657
656
655
654
653
652
651
649
648
647
646
645
644
643
642
641
640
639
638
637
636
635
634
634
633
632
631
630
629
628
628
627
626
625
625
624
623
622
622
621
620
620
619
619
618
617
617
616
616
615
615
614
614
613
613
613
612
612
611
611
611
610
610
610
609
609
609
608
608
608
608
607
607
607
607
606
606
606
606
605
605
605
605
604
604
604
604
604
603
603
603
603
603
602
602
602
602
602
601
601
601
601
601
601
600
600
600
600
600
599
599
599
599
599
599
598
598
598
598
598
598
598
597
597
597
597
597
597
597
597
597
596
596
596
596
596
596
596
596
596
596
596
596
596
596
596
596
596
596
596
596
596
596
596
596
596
596
596
596
596
596
596
597
597
597
597
597
597
597
597
598
598
598
598
598
599
599
599
599
599
600
600
600
601
601
601
602
602
602
603
603
604
604
605
605
605
606
607
607
608
608
609
610
610
611
612
612
613
614
615
615
616
617
618
619
620
621
622
623
624
625
626
627
628
629
630
631
632
634
635
636
637
638
639
641
642
643
644
646
647
648
649
651
652
653
654
656
657
658
659
661
662
663
664
665
666
667
668
669
670
671
672
673
674
675
676
677
678
678
679
680
680
681
681
682
682
683
683
684
684
684
684
684
685
685
685
685
685
685
685
684
684
684
684
683
683
683
682
682
682
681
681
680
679
679
678
678
677
676
676
675
674
674
673
672
671
671
670
669
668
668
667
666
665
664
664
663
662
661
661
660
659
658
658
657
656
656
655
655
654
653
653
652
652
651
651
650
650
650
649
649
649
648
648
648
648
648
648
648
648
648
648
648
648
648
648
648
649
649
649
650
650
651
651
652
652
653
653
654
655
656
656
657
658
659
660
661
662
663
664
665
666
667
669
670
671
672
674
675
676
678
679
680
682
683
685
686
688
689
691
692
694
696
697
699
701
702
704
706
708
709
711
713
715
716
718
720
722
724
726
727
729
731
733
735
737
739
740
742
744
746
748
750
752
754
755
757
759
761
763
765
767
768
770
772
774
776
778
779
781
783
785
786
788
790
791
793
795
796
798
800
801
803
804
806
807
809
810
812
813
815
816
818
819
820
822
823
824
825
827
828
829
830
831
832
833
834
835
836
837
838
839
840
840
841
842
842
843
844
844
845
845
845
846
846
847
847
847
847
848
848
848
848
848
848
848
848
848
848
848
847
847
847
847
847
846
846
846
845
845
845
844
844
843
843
843
842
842
841
841
840
840
840
839
839
838
838
837
837
836
836
836
835
835
834
834
834
833
833
833
832
832
832
831
831
831
831
831
830
830
830
830
830
830
830
830
830
830
830
830
830
830
830
830
830
831
831
831
831
832
832
832
833
833
834
834
835
835
836
836
837
837
838
838
839
840
840
841
842
842
843
844
844
845
846
847
847
848
849
850
850
851
852
853
853
854
855
856
856
857
858
859
860
860
861
862
863
863
864
865
865
866
867
868
868
869
870
870
871
871
872
873
873
874
874
875
875
876
877
877
878
878
878
879
879
880
880
881
881
881
882
882
883
883
883
884
884
884
885
885
885
885
886
886
886
886
887
887
887
887
888
888
888
888
888
888
889
889
889
889
889
889
889
889
889
890
890
890
890
890
890
890
890
890
890
890
890
890
890
890
890
890
890
890
890
890
890
889
889
889
889
889
889
889
889
889
889
888
888
888
888
888
887
887
887
887
887
886
886
886
885
885
885
884
884
884
883
883
882
882
882
881
881
880
879
879
878
878
877
876
876
875
874
874
873
872
871
871
870
869
868
867
866
866
865
864
863
862
861
860
859
858
857
856
855
854
853
852
851
850
849
848
847
846
845
845
844
843
842
841
840
839
839
838
837
837
836
835
835
834
834
833
833
832
832
832
832
831
831
831
831
831
831
831
831
831
831
831
831
831
831
832
832
832
832
833
833
833
834
834
835
835
836
836
836
837
837
838
838
839
839
840
840
841
841
841
842
842
842
843
843
843
844
844
844
844
845
845
845
845
845
845
845
845
845
845
845
844
844
844
844
843
843
843
842
842
841
841
840
840
839
839
838
837
837
836
836
835
834
834
833
832
832
831
831
830
829
829
828
828
827
827
826
826
825
825
824
824
824
824
823
823
823
823
823
823
823
823
823
824
824
824
825
825
825
826
826
827
828
828
829
830
831
832
833
834
835
836
837
838
839
841
842
843
845
846
847
849
850
852
854
855
857
859
860
862
864
865
867
869
871
873
874
876
878
880
882
884
886
887
889
891
893
895
897
899
900
902
904
906
908
909
911
913
914
916
918
919
921
923
924
926
927
928
930
931
932
934
935
936
937
938
940
941
942
943
944
945
945
946
947
948
949
949
950
951
951
952
952
953
953
954
954
955
955
955
956
956
956
956
957
957
957
957
957
957
957
957
957
957
957
957
957
957
957
957
957
956
956
956
956
956
955
955
955
955
954
954
954
953
953
953
952
952
952
951
951
951
950
950
950
949
949
949
948
948
948
947
947
947
946
946
946
946
945
945
945
945
945
945
944
944
944
944
944
944
944
944
944
944
944
944
944
944
944
944
944
944
944
944
945
945
945
945
945
946
946
946
946
947
947
947
948
948
948
948
949
949
949
950
950
950
951
951
951
952
952
952
953
953
953
954
954
954
954
955
955
955
955
955
955
956
956
956
956
956
956
956
956
956
956
955
955
955
955
955
954
954
954
953
953
953
952
952
951
951
950
949
949
948
947
947
946
945
944
944
943
942
941
940
939
938
937
936
934
933
932
931
930
928
927
925
924
922
921
919
918
916
914
913
911
909
907
905
903
901
899
897
895
893
891
888
886
884
881
879
876
874
871
869
866
864
861
858
856
853
850
848
845
842
839
836
834
831
828
825
822
819
817
814
811
808
805
802
800
797
794
791
788
786
783
780
778
775
772
770
767
765
762
759
757
754
752
750
747
745
743
740
738
736
734
732
729
727
725
723
721
719
717
716
714
712
710
708
707
705
703
702
700
699
697
696
694
693
692
690
689
688
687
685
684
683
682
681
680
679
678
677
676
676
675
674
673
673
672
671
671
670
670
669
669
668
668
668
667
667
667
667
667
666
666
666
666
666
666
666
667
667
667
667
667
668
668
668
669
669
670
670
671
671
672
672
673
674
674
675
676
677
678
679
680
681
682
683
684
685
686
687
688
690
691
692
694
695
697
698
700
701
703
705
706
708
710
711
713
715
717
719
721
723
725
727
729
731
733
735
738
740
742
744
747
749
751
754
756
758
761
763
766
768
771
773
776
778
781
783
786
789
791
794
796
799
802
804
807
810
812
815
818
820
823
826
828
831
834
836
839
842
844
847
850
852
855
857
860
863
865
868
871
873
876
878
881
883
886
888
891
893
896
898
900
903
905
907
910
912
914
916
919
921
923
925
927
929
931
933
935
937
938
940
942
943
945
947
948
949
951
952
954
955
956
957
958
959
960
961
962
963
964
965
965
966
967
967
968
968
969
969
969
970
970
970
970
971
971
971
971
971
971
971
971
971
971
970
970
970
970
970
970
969
969
969
968
968
968
968
967
967
967
966
966
966
965
965
964
964
964
963
963
962
962
962
961
961
961
960
960
959
959
959
958
958
958
957
957
957
956
956
956
955
955
955
955
955
954
954
954
954
954
954
954
954
954
954
954
954
954
954
954
954
954
954
954
954
955
955
955
955
955
956
956
956
956
957
957
957
957
958
958
958
959
959
959
960
960
960
960
961
961
961
962
962
962
963
963
963
964
964
964
964
965
965
965
966
966
966
966
967
967
967
967
967
968
968
968
968
968
969
969
969
969
969
969
969
969
970
970
970
970
970
970
970
970
970
970
970
970
970
970
971
971
971
971
971
971
971
971
971
971
971
971
971
971
971
971
971
971
971
971
971
971
971
972
972
972
972
972
972
972
972
972
972
972
972
972
972
972
972
972
972
972
972
972
972
972
972
972
972
972
972
971
971
971
971
971
971
971
970
970
970
969
969
969
968
968
968
967
967
966
965
965
964
963
963
962
961
960
959
958
957
956
955
954
953
951
950
948
947
945
944
942
940
938
936
934
932
930
928
926
923
921
918
916
913
910
907
904
901
898
895
892
889
885
882
878
875
871
867
863
860
856
852
848
843
839
835
831
826
822
818
813
809
804
800
795
790
786
781
776
772
767
762
758
