922
836
875
891
969
945
914
977
977
930
977
969
867
898
961
961
953
922
930
938
852
758
758
805
926
1031
1039
1062
1008
906
883
859
844
852
938
1031
1023
914
945
961
969
938
922
969
969
992
1000
961
891
883
953
852
828
930
961
977
977
977
891
859
883
914
953
953
844
875
914
914
828
883
938
1008
875
891
914
836
906
953
883
914
914
852
867
953
930
930
836
828
828
883
891
820
766
766
750
789
789
789
773
766
727
742
727
727
727
742
750
789
812
844
797
820
883
852
922
875
922
1055
1016
977
930
859
797
805
867
984
906
945
1023
1000
938
875
820
805
969
898
938
891
859
844
797
773
750
742
742
781
789
844
852
836
828
859
820
781
805
805
844
812
836
875
828
852
852
836
938
977
914
891
891
891
898
891
883
969
969
914
1055
906
1055
1047
1055
1070
1070
1031
1062
1078
1109
1125
1102
1047
1078
1062
1055
992
969
969
891
891
844
836
922
938
1008
930
1094
1055
938
867
828
797
836
914
953
992
1000
1031
1023
1062
1031
1031
1016
1031
1055
1078
1086
1031
1047
992
891
906
883
953
1023
1031
1031
1016
969
906
883
883
906
922
852
852
938
961
1008
984
891
898
898
852
852
898
820
859
844
891
852
773
742
750
773
742
797
805
789
789
750
750
773
773
789
773
781
766
766
773
766
758
766
797
789
750
766
727
695
703
727
742
781
781
805
766
758
758
742
758
742
727
758
758
766
805
852
930
762
764
938
867
938
859
844
969
1047
945
852
836
812
844
844
883
969
898
906
898
867
906
898
852
883
945
992
984
977
914
922
859
914
953
961
1000
977
984
891
938
945
1008
1070
1039
984
992
859
883
992
930
969
945
1008
1016
914
1023
969
945
992
953
953
852
852
828
812
836
828
859
945
1016
852
852
1047
922
922
922
922
1031
1016
953
953
992
891
961
1070
914
961
945
859
898
961
992
914
992
1039
1031
1008
969
1008
914
977
1031
961
828
973
828
906
1070
938
945
898
852
844
883
914
906
836
836
891
844
922
914
1047
1094
1039
1094
1086
1078
1039
1047
1086
1070
953
906
914
984
992
883
961
961
945
914
984
1008
1039
1023
1031
1008
977
898
875
859
797
852
859
828
875
906
922
969
992
914
945
977
984
1078
1086
969
953
1031
930
969
922
852
820
812
781
805
828
836
836
820
766
742
750
742
734
742
734
766
734
727
734
758
766
758
820
789
781
812
812
805
805
750
750
773
766
781
805
805
812
836
859
891
883
852
828
844
820
758
773
773
750
750
727
719
773
789
773
781
766
781
805
797
773
750
734
727
758
797
828
781
781
773
781
773
797
805
766
812
797
781
789
758
758
734
734
727
711
719
742
734
789
820
828
797
805
773
766
789
781
750
727
719
711
727
727
703
727
711
734
742
734
766
781
773
727
711
688
695
703
672
688
672
664
664
656
648
664
664
672
680
680
688
680
688
695
719
711
719
711
727
734
719
711
727
719
711
711
703
695
727
719
703
719
711
703
695
703
688
703
703
695
703
711
703
695
703
680
711
719
734
734
758
742
734
695
688
648
648
633
617
609
602
609
602
617
562
586
570
578
570
586
523
562
547
562
547
547
555
547
539
555
562
562
562
547
562
562
562
539
555
547
547
555
562
555
562
539
555
562
539
562
547
547
555
547
555
539
547
578
500
547
531
539
547
547
539
547
547
562
547
562
562
562
570
578
578
586
586
602
641
570
648
594
609
625
625
625
625
617
609
602
602
617
633
625
633
633
648
641
672
664
656
672
664
641
648
656
656
664
664
656
656
648
648
656
656
641
672
664
664
672
664
680
695
695
695
688
641
688
672
664
672
680
703
719
719
719
719
727
703
750
766
773
703
734
742
742
758
766
750
719
695
688
703
688
695
750
758
758
781
781
789
734
695
727
727
750
703
758
734
758
719
742
742
766
781
789
820
727
789
781
750
766
773
742
766
805
773
742
781
758
781
789
773
727
734
711
711
727
742
711
727
781
758
727
852
836
812
766
727
734
719
703
703
719
719
703
727
742
734
781
836
758
789
875
891
852
883
883
781
844
836
914
922
844
820
805
766
758
750
766
781
875
875
789
719
742
758
766
891
828
812
867
781
789
828
867
805
828
844
844
883
781
914
969
1023
863
873
878
1023
1047
1086
1062
1055
1102
1016
1062
1070
1078
1062
1078
1055
1016
1062
1102
1023
1047
1055
1109
1023
1055
1055
1078
1047
1055
969
1055
1062
1008
1023
1117
1039
945
1000
1070
1000
1078
1070
1062
1055
1078
1039
1023
1078
1062
1125
1148
1125
1102
1109
1133
1078
1094
1031
1062
1141
1031
1062
1117
1188
1117
1141
1141
1078
1109
1172
1117
1078
1156
1133
1062
1125
1078
1031
1094
1078
1102
1148
1078
1125
1008
1047
1180
1125
1047
1086
1070
1133
1117
1109
1172
1102
1117
1086
1102
1109
1180
1141
1125
1055
1105
1023
1070
1000
1000
1062
1070
1000
1125
1062
1141
1078
1109
1102
1023
1062
1047
1000
1023
1008
961
1102
988
1055
1094
969
867
938
1094
1016
1086
1117
1117
1188
1102
1023
1156
1109
1109
1164
1133
1133
1164
1148
1117
1188
1156
1078
1117
1133
1109
1078
1117
1086
1203
1195
1109
1141
1180
1102
1109
1070
1023
1055
1102
1125
1102
945
1008
1016
938
914
1062
1141
1008
1078
1039
969
1133
1164
1086
1188
1102
1141
1094
1117
1125
1156
1117
1125
1055
1078
1078
1031
1055
969
953
1062
1109
922
1047
1109
1117
1031
1141
1148
1148
1141
1117
1141
1148
1102
1102
1094
1047
1078
1078
1000
992
1133
1070
1148
1148
1133
1188
1172
1086
938
1023
1109
1070
1195
1141
1125
1031
1023
1094
1008
961
1094
1180
992
1047
930
828
961
1000
1148
1023
1011
1172
1211
1141
992
1070
1133
1172
1141
1117
1180
1188
1289
1219
1133
1203
1148
1125
1031
1141
1094
1039
1129
1127
1234
1133
1031
1008
1258
1180
1281
1203
1164
1148
1141
1133
1133
1117
1102
1164
1047
1078
1055
1078
1086
1062
1172
1133
1109
1195
1148
1148
1125
1125
1148
1102
961
1047
918
1062
922
969
969
883
852
914
828
875
992
1055
1023
1008
828
852
883
859
1023
984
1008
984
1078
1070
906
977
1031
1008
984
953
922
867
828
781
875
938
844
938
1000
984
859
906
844
836
859
953
1008
969
938
914
914
930
844
875
898
836
867
922
1023
891
984
1062
1086
1086
891
1000
1055
1086
1039
992
1133
1156
1000
1086
984
1016
953
1016
1086
1102
1125
1109
1086
1164
1148
1141
1023
1117
1125
1062
1125
1031
922
1016
1047
1125
1094
1156
1156
1141
1062
1180
1086
1078
1180
1180
1203
1273
1234
1180
1242
1133
1180
1086
1195
1102
1188
1203
1172
1125
1125
1133
1141
1086
1129
1172
1172
1156
1125
1148
1133
1117
1172
1141
1047
953
1016
1164
1141
977
992
1062
1047
1047
1133
965
1117
1078
969
961
906
906
945
1000
930
1047
1141
965
1102
1047
1074
1026
1107
1006
1203
1234
1203
1156
1141
1124
992
1070
1211
1141
1188
1031
1109
1141
1008
1125
977
1000
984
1031
1148
949
1062
920
914
961
938
883
844
820
867
926
920
917
918
917
917
1039
1062
1109
1055
1086
1031
1105
977
1055
1047
1156
1219
1195
1195
1156
1133
1195
969
1023
1156
969
1125
1188
1148
938
1008
1062
1055
1058
859
883
969
953
930
914
867
1051
875
1055
1094
1078
1086
1047
922
1055
992
977
922
1070
883
1070
1133
1172
1070
1117
1109
1055
1070
1070
1070
1148
1055
1148
1102
1016
1070
969
1078
1172
1172
1094
1070
1102
1094
1055
1102
1086
1109
1109
1078
1047
1062
1102
1117
1094
1090
1039
938
1070
867
961
1023
1016
977
812
852
922
1039
1156
1109
953
1055
1031
1078
883
1195
1180
1102
961
977
1008
1078
969
1078
1125
1125
1023
1102
1094
1133
1078
1078
984
1008
938
961
1023
1109
1086
1062
867
859
945
1016
984
859
859
922
1023
1055
1117
1031
1078
1062
1023
1070
1031
1062
1109
1070
930
992
1078
1062
1086
977
945
852
906
984
1055
1125
1125
1078
1062
1016
1070
1035
1117
1109
1141
1102
1117
1117
1195
1188
1164
1086
1055
1008
1023
1101
1023
1203
1117
1172
1125
1062
1125
1172
1180
1141
1117
1062
1102
1070
1023
977
1086
1000
1133
1094
1023
1086
1047
1086
1102
1133
1086
1062
1062
1047
1055
1039
984
961
1000
1062
1133
1133
1117
1148
1125
1094
1078
1086
1102
1055
1117
1062
1109
1094
1078
945
961
992
906
898
1070
1180
1156
1000
1094
1094
1086
1062
938
1000
992
1070
1172
1141
1117
883
945
1031
984
1016
1078
1055
906
984
1109
1109
1023
969
859
898
984
1023
992
1078
1008
1055
969
945
1047
1062
1070
1094
1055
1008
1094
930
961
1094
1133
1016
1035
1025
1095
977
1125
1156
1211
1164
1211
1172
1070
977
1039
1078
1156
1148
1164
1070
1109
1039
953
1117
1172
1016
1055
1109
1023
1000
945
1164
1148
1062
1094
1102
1023
1133
1109
1125
1039
1055
945
1086
1164
1117
1203
1141
1227
1148
1180
1133
1144
1146
1145
1203
1180
1148
1180
1102
1117
1117
1016
1131
945
1094
1070
1172
1164
1188
1141
969
1112
992
1070
1039
891
984
1062
938
961
875
883
977
1047
922
1055
1125
1133
1062
1031
1102
1008
1148
1102
922
1101
1094
1078
1109
1078
1141
1164
1211
1172
1109
1055
1031
1234
1172
1109
1195
1156
1039
1102
961
1078
1195
1141
1133
1109
1102
1102
1102
1102
1133
1156
1094
1055
1102
1125
1125
1102
1086
1109
1102
1062
1109
1109
1094
1125
1141
1070
1109
1133
1164
1086
1133
1125
1109
1109
1086
1055
938
930
961
1000
1102
1031
1047
1078
1062
984
875
1039
859
1047
1094
1078
1047
891
906
977
1023
1062
1023
1062
1195
1172
1172
1156
1141
1164
1141
1164
1156
1180
1180
1156
1141
1086
1102
1109
1109
1102
1109
1109
1109
961
1105
1039
1141
1016
953
1125
1125
1188
1164
1125
1016
1125
1148
1109
1102
1086
1156
1141
1141
1133
1133
984
938
953
1094
1008
922
977
1086
1109
977
945
1047
1094
1109
1055
969
1031
930
969
1039
1102
1016
984
945
977
922
836
844
859
867
914
906
805
734
758
766
773
961
836
820
812
914
984
852
844
812
812
812
898
906
820
789
742
711
711
719
719
727
695
688
680
656
648
641
633
625
625
617
617
609
609
617
641
570
617
602
617
602
609
602
602
594
586
594
578
586
578
586
586
586
594
602
602
602
602
617
648
594
633
586
609
602
602
609
602
609
602
594
594
602
617
609
617
609
625
641
609
633
672
609
648
656
656
664
664
672
672
672
664
672
656
641
633
625
617
625
609
609
609
609
609
602
609
633
617
648
641
648
641
633
648
641
656
625
625
617
625
609
539
656
617
609
617
625
617
633
633
641
633
672
609
633
633
641
656
648
641
641
648
648
648
633
656
672
680
672
703
648
672
672
680
688
680
672
680
703
672
672
680
656
672
656
641
703
625
680
664
656
664
648
656
656
680
617
625
641
625
625
617
633
641
633
648
688
656
656
656
664
641
625
633
609
625
617
633
688
664
664
695
656
656
664
656
648
664
672
695
633
703
672
680
680
664
688
625
688
617
641
656
672
664
734
664
719
656
688
672
688
664
688
688
727
695
703
719
719
695
703
711
680
672
695
695
680
711
719
711
688
703
711
719
711
727
758
758
711
727
773
867
898
773
750
773
789
758
750
766
781
734
711
734
727
719
656
688
703
742
695
734
703
719
703
695
711
703
711
734
742
758
688
719
758
758
742
742
766
742
719
781
703
695
680
641
680
602
648
672
656
680
703
680
695
695
672
680
680
664
656
672
672
664
664
664
672
680
703
633
672
703
625
648
656
648
625
648
625
641
633
625
641
641
633
633
633
633
617
656
602
617
609
625
617
648
586
617
609
609
641
578
609
617
602
602
609
617
617
602
602
602
602
602
594
586
594
594
594
586
586
594
594
602
617
570
617
609
602
617
602
594
594
594
602
602
609
602
594
609
586
609
594
602
602
617
609
617
609
625
617
617
625
609
617
602
594
602
602
602
594
602
617
656
672
656
664
680
641
641
641
617
617
609
594
602
602
578
586
578
578
562
570
578
562
578
594
594
586
578
609
555
578
578
578
594
602
602
602
602
594
609
602
586
594
586
578
570
570
562
578
570
578
570
586
578
570
578
594
602
617
609
617
617
633
625
609
617
609
594
602
602
602
586
594
586
594
594
602
602
594
609
617
617
602
648
594
617
602
617
625
609
594
594
594
586
586
602
594
586
586
609
586
602
594
594
586
594
594
586
586
586
586
578
602
586
578
586
586
602
594
555
562
578
578
578
586
594
586
586
586
586
586
586
586
609
602
633
617
602
625
617
609
617
648
609
562
602
578
586
617
578
602
641
594
617
609
633
648
633
641
641
633
633
648
664
664
680
711
734
703
750
734
703
695
727
703
750
773
766
742
750
781
711
781
820
766
766
844
914
789
766
812
688
734
750
711
711
727
703
695
727
727
703
727
758
727
703
719
727
703
719
711
695
711
688
680
711
648
648
656
680
656
656
664
672
656
656
672
656
648
680
688
656
672
680
664
656
664
656
641
648
648
656
633
656
641
633
648
641
633
672
609
633
617
633
641
617
633
641
625
641
656
586
609
609
609
602
594
609
602
609
609
617
617
617
633
602
594
602
602
594
594
594
594
594
578
602
602
594
602
609
602
609
633
672
594
633
656
656
641
656
664
680
648
672
680
672
656
703
695
680
680
688
664
664
680
672
672
680
680
656
672
680
695
703
695
680
703
703
719
711
719
758
727
703
719
688
664
680
672
680
703
680
703
727
742
727
727
773
789
789
797
727
750
703
656
648
656
719
789
812
766
781
781
828
867
906
914
852
836
828
812
867
906
891
867
859
797
805
812
766
773
742
711
711
695
727
719
750
742
727
719
719
766
773
820
867
867
836
867
891
953
969
938
852
844
797
805
852
891
938
891
867
891
891
875
852
805
844
906
945
961
961
953
992
984
930
992
867
820
773
781
773
812
828
930
961
867
945
1000
961
945
953
953
953
938
953
930
906
805
805
805
820
781
750
781
820
844
773
836
820
781
820
852
820
797
789
750
742
711
688
680
672
703
773
844
922
867
742
757
765
953
852
828
852
875
867
883
875
828
875
844
781
812
828
836
789
828
812
773
742
742
719
695
703
695
703
672
680
695
766
836
844
805
836
891
852
781
797
773
789
859
922
922
891
852
812
781
758
727
750
859
898
938
930
938
883
859
859
867
805
828
750
773
789
891
977
969
906
961
883
906
898
828
812
805
773
812
812
867
906
914
906
906
906
898
812
859
875
812
852
883
859
992
1000
984
1000
953
883
883
906
898
906
953
984
1000
1000
891
852
812
812
820
852
805
812
812
852
836
828
867
844
820
797
820
914
930
930
906
828
828
859
914
945
977
930
930
938
945
1023
1031
891
789
976
1070
1031
992
961
945
922
922
820
820
859
828
859
906
883
852
867
891
922
914
914
883
820
789
820
836
836
828
836
836
859
883
891
820
867
891
883
883
820
875
859
906
969
992
984
977
953
914
836
781
891
961
961
984
977
961
938
930
898
875
844
844
867
867
867
844
828
852
828
750
750
773
844
922
930
961
1000
969
984
1016
1023
1000
977
953
961
977
992
977
953
891
945
938
922
922
930
906
852
867
875
836
828
836
836
820
828
820
844
898
699
852
836
766
711
688
680
672
656
664
656
656
672
680
664
711
758
750
750
781
820
820
750
727
750
789
812
781
812
773
797
789
789
781
812
859
859
828
750
758
742
734
734
750
773
812
875
953
945
891
875
852
820
805
797
797
766
758
766
969
844
969
969
906
953
1000
1055
1062
1016
945
930
930
906
961
1031
969
945
969
891
859
859
891
914
867
977
969
914
891
953
961
969
906
891
836
844
805
883
898
984
914
906
883
898
883
867
922
875
859
727
750
727
695
719
719
711
711
711
711
680
680
656
656
648
664
695
633
672
688
688
734
742
781
812
805
828
852
883
883
875
844
812
828
766
789
836
859
805
781
711
719
711
727
703
703
750
820
820
820
789
750
781
812
867
930
867
867
930
891
883
828
844
898
922
828
828
859
906
914
891
945
898
953
945
883
844
797
781
773
750
789
859
898
922
875
914
1008
1078
1094
1102
1078
1094
1039
1023
984
1070
1062
1094
1047
1047
938
938
992
867
977
1125
1148
1047
883
1078
883
1055
883
883
883
867
828
883
922
969
938
898
906
914
914
844
922
992
930
1016
1016
969
977
961
961
977
914
938
945
992
961
875
914
1000
1047
914
953
984
867
1062
1031
1102
1141
1109
1023
1047
1039
1023
961
1008
1016
1008
953
969
1023
992
867
922
977
836
953
961
883
938
953
859
883
883
844
852
906
906
859
914
961
914
961
953
883
883
891
867
945
1008
938
1062
953
922
906
945
852
852
930
922
938
984
1023
977
922
938
977
984
922
891
875
906
1000
961
914
992
883
891
930
906
859
828
828
859
820
883
922
914
867
938
977
914
922
992
992
930
969
992
1008
938
1008
1016
969
1008
1062
1031
1023
1023
938
969
977
1023
930
977
1062
1078
1016
1062
1102
1047
1047
1070
977
984
1023
1039
969
1031
1027
1102
1094
1055
1047
1055
1000
945
930
930
867
852
875
844
914
945
852
781
750
766
812
875
914
938
906
930
914
867
891
992
1031
1047
1008
1039
1039
1023
992
891
969
1016
1039
961
1031
1070
1109
1062
1078
1008
938
883
820
844
953
1039
930
977
1008
922
1016
1055
977
945
1031
1047
883
953
723
875
844
836
719
727
711
711
711
719
758
734
727
750
742
758
742
758
781
789
773
820
820
789
750
773
789
734
742
727
719
727
711
703
695
727
703
656
734
664
703
703
688
688
703
672
703
703
711
688
703
695
703
695
695
695
695
703
688
688
688
688
688
703
688
688
695
680
680
688
680
672
672
664
656
656
648
625
648
656
641
641
664
664
672
641
664
680
641
688
625
656
688
617
641
656
648
656
641
656
648
656
680
617
641
633
633
656
594
633
633
625
625
664
609
625
641
680
648
664
672
672
711
711
680
711
703
680
672
672
672
672
672
656
656
664
656
641
688
609
648
656
633
648
672
617
641
656
672
641
648
688
648
617
664
680
672
664
672
680
672
672
672
664
656
672
656
695
695
688
727
773
742
781
750
734
742
758
812
844
773
789
742
727
742
727
688
703
719
688
742
742
719
758
805
781
836
844
812
867
930
961
891
969
992
977
922
969
804
898
852
836
766
766
820
766
789
711
773
750
758
766
805
836
805
773
781
859
891
836
891
992
961
852
852
859
812
828
969
875
977
977
977
891
852
875
883
844
1000
945
977
918
1078
1016
1047
1070
1047
1102
1094
1070
1016
1062
1055
992
969
1008
1016
992
1062
1070
1031
1047
1062
1070
1031
1031
1055
1031
1016
1031
1047
1039
1008
1016
1023
1008
1016
1016
1008
977
1016
1016
1000
1000
1016
1031
1039
1008
1016
906
812
1004
1006
1007
1006
812
891
906
844
883
898
891
828
898
891
1078
1070
894
896
1039
1062
1039
1023
984
1008
1023
984
1008
1039
1047
992
1008
992
953
977
1031
961
953
1039
1023
1008
961
914
852
773
828
961
867
945
844
820
820
805
836
859
820
906
906
844
812
883
969
891
961
977
984
1070
984
906
961
875
906
1039
1016
961
1039
977
898
922
852
859
922
914
992
1117
922
984
953
1047
1062
961
953
1023
977
961
1078
1023
1031
1070
992
953
906
836
828
844
812
828
906
961
938
992
1031
1008
1031
1039
1008
1023
1047
1055
1016
1047
1039
1023
992
1016
1016
977
992
1008
1000
961
992
1000
977
977
1000
984
961
1016
1016
992
1000
1023
1008
1008
938
852
1004
828
805
781
828
922
984
930
922
961
1016
922
930
1023
1062
1039
1055
1062
1070
1062
1055
1016
984
953
992
1008
984
977
1008
1023
984
1016
1016
984
961
883
805
984
789
844
812
828
984
1031
922
938
930
1066
883
1000
1125
1055
1086
1141
1078
1086
1062
1039
1062
1055
1008
1047
984
898
859
852
805
852
930
969
930
945
883
922
906
969
961
1070
1047
1047
1031
1039
961
875
898
1008
1055
1047
906
1027
1047
1047
1148
1078
1109
1094
1062
1070
1047
1055
1047
1055
1055
1047
1047
1031
1023
1016
1031
1008
1039
1039
1000
1016
1031
1016
938
844
820
1008
805
906
859
977
930
992
816
773
883
891
859
766
773
742
742
773
773
797
750
758
