966
983
964
1017
939
911
933
1000
1033
969
986
919
954
961
1025
1053
1014
1111
1011
1131
1114
1111
1025
1044
1033
1089
1083
1047
1006
1031
1038
1041
1017
986
931
964
1056
1133
1192
1094
1056
1042
1106
1106
1069
1069
1036
1036
1106
1097
994
1000
1031
1072
1086
1092
989
1017
1022
1050
1036
1019
1097
1169
1186
1158
1100
1061
1069
1039
1097
1114
1094
1011
1058
1075
1122
1064
986
1153
983
1097
1197
1233
1208
1131
1211
1175
1089
1044
1028
1017
1092
1100
972
975
994
1044
1036
1032
1158
1089
1114
1103
1089
1083
1022
1047
1092
1092
1086
1044
1031
1061
1103
1083
1064
1072
1028
1031
1078
1108
986
961
961
1042
1036
1233
1031
1067
1078
1100
1022
1025
981
989
1072
1075
1053
1039
978
1011
1097
1117
1047
1033
1031
1086
1089
1119
1003
1064
1022
1122
1064
1172
1000
981
1022
1158
1092
1114
1033
1025
1044
1139
1064
1058
1042
1022
1056
1106
1108
1019
1061
1031
1067
1081
1083
1044
967
1039
986
1092
986
1253
1197
1063
1192
1114
1058
1058
1067
1111
1081
1072
981
1053
1061
1156
1094
997
1036
1094
1022
1097
1069
1003
1072
1078
1056
1022
992
944
956
1056
1094
1056
1142
1039
1047
1247
1156
994
1064
975
1092
1022
1078
1031
1053
1061
1081
1178
1114
1069
1017
1103
1106
1092
1031
1031
1036
1106
1006
1056
1000
1014
950
1044
1178
1040
1208
1053
1161
1164
1031
981
1006
1044
1094
1044
1025
1006
1008
1006
1025
1011
1036
1025
1119
1169
1156
1067
1067
1042
1058
1108
1153
1053
1067
1067
986
1089
1103
1128
1086
989
1142
1144
1078
1111
1006
1067
1128
1100
1075
1067
1056
1033
1164
1078
1086
1036
1058
1028
1167
1108
1064
1061
1094
1083
1156
1056
1025
1078
1117
1111
1092
1086
950
1019
1058
1106
1044
1042
997
1061
1069
1122
1033
1067
1061
1044
1114
1150
1000
1094
1039
1086
1119
1078
1056
1019
1094
1089
1094
1008
992
944
1014
1058
1069
1063
1219
1142
1114
1156
1036
1061
1072
1064
1153
1072
1036
1044
1081
1117
1081
1081
1044
1042
1153
1122
1122
1078
1069
1061
1169
1117
1083
1108
1061
1142
1142
1131
1058
1086
1097
1122
1156
1078
1056
1097
1089
1131
1072
1064
986
1094
1067
1069
1019
1028
1033
1064
1153
1028
1006
1039
1061
1050
1094
1025
994
994
1111
1044
1233
1106
1094
1056
1108
1042
1086
981
1000
1075
1092
1081
1061
1047
1047
1064
1119
1075
1011
1003
1050
1061
1108
1061
1003
1050
1044
1075
1092
1039
1031
992
1075
1061
1033
1003
975
939
1056
1181
1044
1100
1058
1047
1100
1089
1008
969
1025
958
956
1016
1020
1128
1036
1083
1022
1106
1011
981
1042
1083
1056
1050
1022
956
1014
1032
1037
1125
1078
1047
1083
1131
1036
983
1039
997
1067
1067
997
931
1006
1028
1017
1022
1011
1019
1167
1086
1042
1047
1044
1003
1028
1047
1028
989
1043
1042
1153
1164
1069
1028
1047
1097
1075
1103
1031
1006
1028
1092
1022
1053
1094
1042
1200
1042
1047
1108
1003
1025
1047
1094
1025
986
1011
989
1019
1022
1186
1050
1042
1042
1081
1125
1058
992
1094
1086
1050
1067
1042
1022
1050
1122
1042
1000
1039
958
1019
1040
1039
1169
1114
1083
1089
1039
1061
964
1006
994
1139
1247
1075
1069
1069
1125
1069
1078
1028
1036
1072
1117
1025
1042
1000
1031
1042
1042
1053
964
1042
1175
1144
1106
1125
1050
1133
1044
1081
1053
978
1006
1008
1131
1056
1028
1039
1008
978
1018
1023
1119
1208
1067
1172
1142
1008
1019
1108
1108
1114
1044
992
1006
1036
1114
1061
1083
986
1025
1086
1128
1092
1086
1061
1081
1125
1122
1044
1017
1058
1075
1106
1072
1019
967
992
975
1083
1045
1072
1011
1108
1083
1069
1000
969
933
958
984
947
958
911
963
1111
960
1056
986
981
1022
997
1025
1000
1011
998
1005
1002
1025
1094
1017
1017
1114
1086
1042
1008
961
1039
1040
1028
1033
1089
1150
1094
1106
1150
1069
1044
1056
1086
1072
1031
989
989
1062
1231
1131
1072
1014
1050
1072
1028
1053
944
1067
1022
1086
1067
1003
978
986
1233
1044
1239
1072
1061
1103
1131
1094
1083
1033
1006
1097
1083
1078
1022
1014
1022
1069
1058
983
1089
1164
1122
1056
1056
983
964
989
972
1042
1053
1003
978
992
1067
1003
1031
1022
978
967
1072
1081
1075
1008
1011
983
1036
1075
1172
1186
1114
1078
1117
1125
1011
961
1133
1142
1108
1097
1044
1014
1056
1058
1000
1053
1031
1054
1048
1161
1108
1114
1025
1058
1097
1078
1014
1019
1003
994
1031
1028
1211
1153
1111
1144
1125
1078
1039
1014
1175
1089
1078
1081
1011
1089
1114
1089
1014
1131
1033
1103
1106
1117
1053
1022
1053
1075
1114
1042
1036
1025
1061
1047
1167
1058
967
1117
1075
1052
1059
1061
992
1019
1058
1075
1017
983
1003
1036
1027
1023
1122
1100
1050
1106
1114
1083
997
1064
1056
1058
1078
1033
936
969
1044
1050
1219
1164
1117
1111
1156
1092
1061
1025
1067
1044
1125
1019
1036
992
1047
1061
1056
1083
1051
1233
1192
1097
1128
1008
1025
1086
1086
1069
1047
1006
1011
1069
1100
1036
1083
1014
1039
1092
1083
1039
1011
1056
1075
1097
1136
1039
1036
1072
1094
1097
1036
1039
1081
1100
1119
1150
1039
1069
1111
1083
1117
1117
1058
1092
1033
1131
1114
1042
1033
1044
1064
1067
1089
1008
992
1042
1047
961
1086
961
994
1025
1016
1125
983
1094
1028
1094
1122
1081
1003
1042
1006
1075
1064
1022
964
986
1064
1161
1072
1019
947
944
983
975
972
947
947
922
958
975
950
936
914
900
897
947
1003
961
950
928
950
947
978
972
911
903
889
942
931
944
942
844
889
867
911
900
892
917
883
836
953
969
1000
939
939
903
811
921
939
914
856
783
867
869
842
886
881
858
847
833
878
903
983
958
922
908
872
972
953
894
939
969
889
978
1047
1019
914
953
928
958
1006
1028
1011
875
903
975
883
966
1025
967
944
966
1139
1042
1039
886
906
953
1125
1028
994
944
961
1028
1103
1011
1019
1156
1069
1089
1069
931
994
1044
961
1069
1214
978
1058
1069
1094
1119
1064
1031
917
1131
1158
1081
1019
1103
1094
1142
1081
1083
989
1064
1064
1092
1189
1087
1011
1144
1111
1169
1050
992
1031
1136
1075
1081
1096
1088
1231
1094
1050
1025
1000
1086
1075
1092
1087
1144
1111
1161
1133
1028
1011
1028
1003
1036
1153
1219
1214
1203
1122
1067
1064
1022
986
1067
1042
1008
983
1033
992
1117
1081
1039
989
1000
989
1097
1036
953
978
1028
1014
1036
1006
956
947
950
1008
992
975
908
914
972
939
1003
933
972
936
881
972
961
1000
939
883
937
950
956
994
978
919
872
928
975
1003
997
1000
942
956
944
1008
936
967
936
853
911
967
986
967
947
953
897
933
997
928
894
881
881
875
950
992
897
942
953
894
942
928
942
917
889
825
881
911
917
869
911
878
861
908
942
939
875
919
886
831
928
956
981
892
917
914
897
967
1008
964
919
911
950
922
983
989
939
869
903
911
958
944
892
933
900
897
953
967
939
900
925
897
919
997
947
919
1014
933
975
917
926
940
858
889
931
900
889
961
886
806
831
897
917
958
928
936
839
853
886
944
950
928
936
889
892
911
925
925
889
858
897
908
942
967
914
939
858
972
975
933
1006
972
933
897
989
956
972
1003
881
936
1003
1033
925
1000
950
900
942
939
946
961
867
925
978
903
975
1042
911
947
922
1056
986
1033
978
933
972
958
1069
1031
967
950
997
953
1058
975
947
933
1008
883
956
1067
922
1003
983
919
1158
1050
1031
1028
1006
953
1053
964
1028
919
1017
1022
1036
903
1042
1019
1020
1019
1192
1036
978
983
986
889
1083
1008
958
1028
1003
1022
992
1039
1028
1017
997
961
1019
981
1025
1008
917
983
1036
997
1069
969
953
925
992
1008
1056
922
969
958
1000
972
1039
1019
956
1047
1047
1019
1058
933
1017
1014
1117
964
1056
944
1017
964
1175
1078
1061
1075
1000
969
1164
1025
1008
1081
953
1043
1034
1117
981
1067
1039
1050
1106
961
1014
1211
1058
1150
1161
1019
1064
1006
1203
1083
1078
1022
1025
1047
1161
1114
1089
1019
1081
1056
1061
1050
1017
1000
1056
986
1019
1006
969
1019
992
1011
1200
997
1069
1036
978
1078
944
925
1106
914
973
1042
922
1003
936
939
1039
1128
944
1064
1028
950
1111
1039
1081
892
1025
1047
956
1106
953
983
917
969
976
925
886
1036
894
933
947
1125
897
956
1047
889
950
1086
1044
900
1108
967
956
1111
986
1017
864
994
944
1067
967
953
975
892
947
1078
944
1006
953
986
1003
953
1078
950
964
894
950
1031
992
972
928
922
1011
994
978
1083
969
1000
1003
1075
1011
1044
950
958
994
1056
1014
983
964
919
967
1011
1022
994
931
950
919
967
978
961
894
883
883
881
908
936
919
864
842
894
883
900
892
875
853
828
828
872
864
847
842
836
828
831
869
917
883
897
856
875
853
861
911
869
825
786
858
859
797
828
856
814
786
769
775
817
814
819
869
814
786
797
803
853
864
833
856
814
778
808
811
883
844
836
844
806
783
822
842
869
850
825
833
819
831
847
856
837
842
789
844
836
844
861
864
867
814
797
847
850
869
869
856
850
825
839
892
889
878
886
836
864
836
878
931
914
839
842
861
906
939
978
981
892
886
908
908
914
942
894
836
817
806
928
886
894
919
881
856
875
931
922
894
881
836
828
