843
811
875
897
842
858
836
844
825
889
881
836
856
856
831
811
875
883
850
886
831
819
822
908
881
850
864
844
842
839
886
861
858
889
853
836
847
911
922
883
889
875
856
878
925
894
869
886
842
833
875
878
908
842
861
833
811
892
897
853
847
894
853
831
892
903
903
869
872
850
836
919
917
908
864
872
858
850
889
908
856
881
867
833
844
903
933
900
886
858
878
894
925
914
850
872
861
861
867
900
936
881
878
861
844
911
922
897
844
850
867
844
903
908
892
881
883
856
839
908
914
858
833
831
839
836
917
889
864
886
869
867
858
900
914
886
886
836
833
878
914
897
847
878
864
853
883
925
917
875
867
844
831
906
917
917
842
847
856
844
897
856
883
847
864
856
825
886
922
892
867
831
789
906
917
889
864
867
864
839
800
883
878
867
883
842
831
839
903
886
853
869
836
844
828
869
875
853
875
833
811
811
875
886
875
831
828
833
828
881
861
858
831
836
814
786
808
881
836
797
794
783
772
819
867
850
817
839
833
794
800
861
861
839
850
833
822
794
878
858
844
803
833
803
794
869
875
850
836
828
797
786
856
864
864
842
850
822
839
881
878
869
847
858
842
842
853
894
906
881
878
853
842
906
925
889
853
864
858
839
894
894
903
842
864
869
828
850
900
881
839
878
828
797
889
881
869
833
878
831
811
886
886
867
853
842
814
806
886
886
864
850
822
839
828
886
883
892
853
853
822
803
869
917
889
844
842
858
836
892
892
892
833
864
831
814
889
900
856
828
842
833
819
894
886
878
864
889
853
825
883
892
881
853
839
819
819
897
894
872
847
847
847
864
881
875
906
878
867
825
839
911
903
850
869
847
853
811
886
883
850
869
853
831
833
883
900
856
864
844
819
814
903
883
842
861
858
850
811
869
892
844
867
842
808
806
908
900
861
836
858
842
836
900
889
856
894
850
828
825
908
894
872
872
853
856
872
906
889
858
861
847
853
842
886
903
856
858
822
836
853
914
919
861
869
858
825
842
881
900
842
864
828
822
850
900
864
836
856
839
844
847
903
892
864
886
847
839
875
903
922
872
842
822
836
894
908
881
853
861
839
811
894
892
925
864
847
856
844
903
919
889
856
869
864
844
881
897
892
878
850
842
833
900
897
869
850
839
850
856
917
900
867
908
872
842
853
917
897
864
867
819
828
844
892
900
853
878
850
850
856
908
883
856
861
844
844
869
897
917
858
858
839
858
878
864
889
861
861
850
822
872
883
908
839
836
825
811
872
903
881
836
861
847
828
853
889
892
856
878
825
789
889
897
861
817
842
819
825
847
869
881
864
867
828
819
867
900
908
867
844
839
861
883
886
892
850
858
850
811
711
819
900
828
811
794
800
822
878
850
814
850
831
833
800
931
894
858
872
875
847
864
928
914
844
856
833
861
886
886
928
881
875
853
822
897
903
864
836
864
817
808
867
861
850
825
839
814
808
844
858
861
822
831
797
819
811
875
867
819
842
831
822
797
850
869
839
853
853
825
803
867
872
853
825
828
825
819
869
856
864
828
839
817
794
869
883
867
825
836
811
794
864
878
872
819
836
831
831
814
858
864
844
833
806
836
772
861
861
819
839
808
792
786
850
858
839
808
839
819
800
850
881
858
814
817
828
800
853
886
878
833
864
842
839
875
892
889
850
883
839
858
875
922
872
844
867
856
864
853
886
900
831
858
817
819
894
917
900
892
875
981
850
911
897
917
814
867
836
828
900
908
897
867
861
828
839
925
892
878
872
869
828
817
881
872
889
878
836
842
842
917
889
853
886
853
844
847
897
878
853
903
853
819
836
900
917
878
869
869
797
844
906
869
858
864
839
836
828
858
886
869
881
833
850
850
931
867
842
867
856
836
847
889
892
900
867
828
814
783
903
881
839
853
844
842
875
897
894
894
886
858
847
892
933
889
864
856
831
861
828
878
872
842
844
831
817
850
886
911
864
864
839
836
914
928
903
850
861
833
814
875
864
861
858
869
828
817
908
908
931
778
842
833
808
875
897
867
861
833
828
811
883
881
883
842
847
797
814
900
894
872
847
867
869
831
869
892
917
861
828
833
831
897
900
917
828
817
850
814
861
858
889
850
850
833
847
906
939
911
867
883
861
867
931
911
867
900
869
867
839
911
911
858
869
853
833
869
939
861
844
858
811
833
831
881
847
847
864
833
858
789
881
889
844
853
831
839
814
908
831
842
844
822
817
803
861
886
864
839
831
833
814
892
861
872
847
858
831
822
875
886
900
875
839
819
825
892
881
847
861
803
822
817
858
856
850
833
842
811
800
869
889
892
825
836
825
853
817
847
861
814
875
756
792
800
869
881
833
819
828
819
808
881
861
825
825
839
781
772
850
856
844
817
828
789
800
875
875
872
831
819
814
831
856
867
867
875
856
819
814
847
911
861
792
836
803
828
817
881
869
856
858
861
858
836
892
908
872
878
853
864
856
914
906
858
856
856
836
847
894
886
850
858
856
783
828
908
881
836
850
842
808
858
889
889
853
875
869
794
839
872
856
847
836
808
819
836
867
833
825
839
814
817
786
853
858
872
828
825
819
797
894
900
872
836
850
844
825
881
892
864
853
856
836
817
900
903
892
850
856
825
825
872
867
856
839
836
806
783
864
864
875
833
847
831
828
858
881
878
839
850
831
822
850
892
911
844
853
836
833
897
917
903
850
872
869
836
889
908
881
869
858
833
822
908
894
886
861
864
844
828
903
906
872
883
867
844
808
894
883
867
869
839
828
844
900
892
856
889
850
839
842
900
897
892
869
844
850
853
906
906
853
867
856
861
869
903
919
847
886
872
858
883
900
903
872
842
844
833
897
892
881
842
861
839
811
883
897
900
869
858
833
844
917
906
889
883
875
875
861
900
894
914
900
861
861
856
917
892
856
858
836
856
867
908
903
850
886
881
861
881
944
925
872
875
847
850
925
908
900
872
889
842
819
903
894
892
869
864
833
864
914
911
872
897
864
867
858
911
889
883
881
844
828
861
917
917
858
878
861
856
856
875
897
842
878
858
831
861
900
906
853
847
850
819
903
933
922
875
897
903
875
928
933
878
897
858
842
847
917
903
858
878
861
853
867
914
928
881
903
867
847
922
942
933
906
894
894
864
922
925
900
917
889
883
886
922
942
878
881
856
853
883
919
903
856
883
856
839
897
917
908
872
861
844
836
911
911
875
856
875
864
872
911
906
883
900
861
842
844
917
922
889
897
856
875
883
894
897
853
861
833
814
856
883
914
847
839
833
819
842
889
869
822
847
836
825
842
889
883
878
889
856
825
889
925
883
850
869
833
836
869
886
886
861
856
833
800
872
872
881
825
817
797
811
836
869
858
825
825
825
825
817
864
867
847
836
789
789
778
853
864
839
817
839
839
806
867
875
881
847
844
814
794
864
894
869
817
842
814
797
864
867
858
831
850
811
808
833
864
864
828
822
789
800
817
853
842
825
833
814
817
789
853
867
875
828
844
828
825
900
900
867
844
856
850
822
856
875
861
836
839
817
803
881
900
892
825
850
803
814
883
872
858
836
850
825
797
864
867
878
819
800
783
794
792
828
803
814
767
817
742
747
817
806
825
786
808
775
792
794
872
875
861
794
847
769
775
806
825
814
775
783
753
758
744
856
797
794
775
781
764
758
828
811
800
764
808
772
767
742
819
806
817
794
781
767
764
814
828
819
772
808
769
772
761
800
803
817
786
783
756
761
783
833
831
808
806
781
794
769
831
817
833
786
814
800
783
800
853
856
814
808
817
797
811
886
858
842
842
833
808
789
856
844
861
844
817
803
783
858
836
808
783
806
781
781
772
819
819
836
817
808
792
786
822
858
856
808
800
831
819
836
881
886
833
864
833
817
822
881
883
833
819
814
817
847
883
872
831
858
836
822
814
875
850
836
858
819
803
800
844
850
839
825
800
819
822
875
883
889
864
858
833
831
872
903
889
853
850
864
831
894
897
881
850
853
819
814
878
903
872
847
839
808
806
894
883
867
833
853
822
808
872
892
847
833
850
819
808
908
894
883
847
872
825
797
864
875
864
850
839
786
789
844
853
842
808
817
792
814
814
844
850
836
850
836
819
822
875
889
842
844
822
803
786
883
864
844
808
839
814
803
853
878
867
828
822
789
778
856
858
861
814
833
806
825
811
867
861
842
847
825
808
822
864
875
833
858
831
839
817
867
856
847
808
822
814
794
864
889
861
822
831
825
800
872
872
869
828
853
825
797
858
886
886
842
844
825
811
872
875
858
817
844
817
806
831
867
858
844
842
786
814
783
825
847
831
822
775
789
783
831
822
828
781
797
781
758
772
819
833
819
808
786
786
769
831
847
833
792
808
800
781
792
839
842
794
828
803
800
783
875
875
856
831
828
811
808
881
889
867
842
828
825
803
856
869
881
825
831
794
814
878
872
878
836
842
831
794
850
864
889
833
836
817
817
861
911
869
828
867
853
822
833
889
883
856
847
808
819
858
892
894
831
847
814
825
836
864
850
828
844
828
811
819
886
892
847
858
822
836
819
875
864
878
792
822
814
797
844
864
842
811
783
792
775
814
850
836
778
811
792
778
744
803
811
781
756
758
739
733
744
814
778
786
767
778
758
761
800
794
792
761
769
744
767
719
789
758
794
814
772
750
742
761
789
792
764
744
747
739
750
714
769
789
811
761
783
761
811
772
800
775
869
792
750
856
711
881
836
844
803
842
686
861
786
847
831
786
803
783
767
758
828
822
794
775
844
797
769
806
844
853
822
822
792
794
792
811
808
814
786
