1092
1127
1090
1088
1130
1148
1198
1204
1199
1179
1142
1148
1061
1083
1095
1133
1087
1116
1109
1102
1110
1125
1154
1105
1086
1098
1118
1152
1116
1108
1101
1075
1079
1065
1061
1069
1103
1093
1087
1065
1062
1071
1056
1090
1087
1142
1107
1132
1071
1061
1061
1069
1083
1091
1109
1085
1073
1079
1125
1070
1057
1042
1125
1127
1096
1136
1173
1167
1140
1043
1077
1081
1050
1043
1038
1049
1035
1021
1010
1042
1043
1096
1069
1042
1047
1019
1045
1075
1047
1035
1038
1068
1072
1090
1059
1019
1040
1103
1078
1016
1076
1048
1089
1084
1100
1063
1033
1060
1035
1034
1075
1154
1150
1120
1032
1029
1032
1016
1001
1017
1015
1043
1020
1002
1021
1077
1027
1032
1000
1056
1012
1055
1106
1060
1048
1069
1013
1051
1036
1036
1064
1036
1024
1007
1061
1101
1036
1040
1014
1003
950
939
1014
1014
1005
1023
1041
1033
1038
1004
1024
1030
1058
1079
1041
1028
1064
1023
1005
1007
1061
1073
1038
1051
1028
1038
1018
1024
1021
1039
1005
1055
1038
1051
1055
1035
1033
1018
1028
1045
1016
1036
1034
1032
1055
1020
1089
1052
1014
1080
1077
1055
1043
1054
1042
1043
1012
1016
1013
1057
1061
1048
1066
1051
1049
1029
992
984
989
978
962
961
996
1041
1004
1003
990
992
999
1018
1024
1043
1016
1036
1057
1051
1014
938
989
974
962
959
951
936
947
974
988
1020
1000
1009
1004
1000
999
997
972
977
958
945
942
936
958
956
943
956
976
968
985
972
950
958
946
972
1008
1073
1005
979
992
1000
980
916
948
1010
999
989
962
948
958
934
991
1068
1048
1035
1016
998
983
986
