721
911
893
849
713
695
681
708
707
730
738
721
717
935
909
859
868
856
992
1014
994
962
971
945
935
929
929
918
939
943
923
892
910
884
884
875
877
865
864
797
694
693
683
782
778
848
860
907
789
785
787
979
942
797
708
815
932
889
790
834
866
762
741
696
713
731
750
721
661
637
653
692
704
708
765
711
732
811
709
852
793
773
810
802
790
797
820
821
916
738
759
736
669
652
634
653
699
803
717
708
884
703
705
789
757
852
913
800
761
771
713
723
750
759
852
809
709
637
623
630
681
658
690
743
685
866
844
796
792
767
779
952
871
845
759
709
720
805
847
909
833
760
760
703
686
668
689
751
823
712
642
622
649
674
750
700
706
703
701
746
681
710
788
708
707
834
808
780
831
788
754
720
704
673
666
647
659
663
659
633
649
672
673
753
661
662
843
667
669
670
794
731
749
773
796
918
957
889
861
785
822
756
760
733
765
702
657
647
703
758
850
745
870
858
942
927
820
836
828
919
906
868
762
748
756
717
668
674
656
646
620
641
683
721
671
669
670
669
669
848
791
677
674
672
811
767
669
635
722
699
886
782
770
692
665
661
649
674
728
770
710
701
696
894
861
763
726
857
766
764
925
899
886
889
834
802
711
707
726
783
776
748
699
663
645
668
708
775
728
718
887
867
854
847
891
840
928
901
787
782
750
741
678
697
727
708
664
663
718
713
710
709
897
832
749
726
863
937
966
810
838
871
859
840
781
720
716
741
729
707
696
698
712
736
797
722
725
723
915
908
730
733
900
765
749
757
956
918
871
776
769
804
814
733
671
675
706
772
770
769
769
963
1015
