832
832
825
875
894
869
836
828
822
853
867
872
872
861
822
814
833
861
889
872
847
828
847
836
847
875
869
856
825
817
825
889
886
858
856
822
833
836
858
872
894
850
814
822
822
878
892
875
847
842
825
819
850
878
881
867
817
814
850
867
875
872
853
836
833
822
836
892
886
853
825
828
831
872
875
869
864
844
822
817
847
869
894
861
831
819
858
853
858
875
856
836
828
828
836
900
878
853
839
819
839
861
867
864
883
731
808
817
844
875
894
867
833
828
842
844
856
878
869
853
817
814
844
897
883
861
847
814
831
833
861
881
894
842
814
819
836
883
886
869
842
842
822
822
861
875
881
856
825
817
861
872
864
861
844
833
828
831
853
906
869
836
831
822
842
872
875
864
872
822
814
825
853
892
894
850
814
842
836
856
867
875
858
842
814
814
869
894
878
847
836
822
839
850
861
886
872
825
811
831
850
892
878
861
831
842
831
833
872
872
869
839
819
819
875
883
864
861
831
825
839
847
856
894
867
831
814
833
858
892
869
856
842
831
828
833
878
875
878
836
817
831
869
875
864
872
831
831
819
833
872
908
867
833
822
817
856
867
867
872
864
817
808
839
864
894
878
847
819
842
839
853
878
861
856
833
819
825
894
886
856
847
817
831
844
861
864
894
842
814
822
833
878
894
872
836
836
825
828
853
878
883
864
825
808
850
678
944
858
861
828
831
819
839
883
900
861
819
825
828
861
875
872
856
853
819
814
844
872
894
867
839
814
853
847
864
869
864
839
839
822
831
894
886
864
825
825
831
861
867
864
875
844
819
817
853
878
892
867
831
825
839
847
858
881
864
847
825
819
839
906
883
853
842
814
836
844
864
872
897
839
811
825
836
883
883
867
839
844
819
825
864
875
878
858
828
814
856
872
867
869
844
828
836
831
850
900
875
842
822
819
844
878
875
856
864
828
817
822
861
892
889
850
817
833
839
858
872
872
856
842
817
814
867
900
881
842
833
822
844
844
864
889
872
828
808
831
853
897
875
850
825
844
831
836
875
869
864
836
825
822
881
881
861
858
828
828
844
847
858
897
864
831
811
833
858
889
872
847
844
828
825
833
881
883
875
833
817
833
864
878
864
869
831
831
825
836
875
908
872
825
825
819
858
867
872
864
864
819
811
842
867
894
872
839
819
844
839
856
875
867
850
828
825
831
897
881
858
844
814
833
853
858
867
894
844
811
819
836
878
892
867
833
844
819
822
861
881
878
861
825
814
853
869
872
867
847
833
836
825
844
897
883
850
819
825
836
878
867
861
869
833
819
817
861
886
886
850
819
828
847
856
867
881
847
839
819
828
853
906
881
844
831
814
844
728
925
872
878
831
808
822
850
889
889
864
822
836
828
842
864
883
869
850
817
814
864
889
878
856
839
819
839
839
858
886
883
839
811
833
847
886
869
858
847
839
825
828
872
875
875
839
822
828
867
869
864
872
833
828
825
836
864
908
869
839
822
817
853
867
872
869
864
825
806
831
867
894
872
850
819
844
833
850
875
867
858
828
819
825
894
886
858
853
817
833
839
856
869
900
850
819
819
828
875
894
867
858
911
828
825
839
878
883
869
825
814
842
867
872
867
867
828
828
825
839
881
900
864
825
822
822
864
878
851
919
858
817
814
831
869
892
883
844
811
839
844
861
872
869
850
833
814
828
883
894
875
833
831
825
850
861
867
875
864
828
811
836
872
897
867
839
833
839
836
847
881
867
858
822
817
836
892
883
861
850
819
828
833
856
878
900
850
819
822
828
875
886
867
847
847
822
814
853
875
889
858
831
817
853
858
861
872
853
839
828
825
844
903
881
850
831
817
842
858
875
864
881
831
814
819
847
892
894
856
822
839
833
842
867
875
869
842
817
814
864
889
875
858
839
819
839
844
858
886
878
836
814
831
844
892
878
861
836
839
828
822
869
875
881
839
822
819
869
872
864
872
836
828
833
842
858
894
878
836
822
822
853
889
872
856
853
831
819
828
869
889
889
839
846
767
853
861
864
875
850
836
819
822
858
908
878
847
831
817
839
856
872
875
878
828
811
828
844
897
881
858
828
842
831
833
869
875
869
725
753
814
869
878
867
867
836
828
836
839
853
894
875
836
817
825
853
836
803
853
858
833
825
819
869
878
889
842
819
833
850
869
867
872
844
833
817
822
864
906
875
842
825
819
664
800
872
861
878
833
817
822
847
886
903
858
822
833
836
847
858
881
869
839
817
819
853
897
881
856
842
847
767
847
861
872
892
844
817
822
833
886
894
869
833
839
828
828
856
878
883
867
817
811
858
878
872
864
847
831
833
825
844
900
881
847
825
825
839
878
872
858
867
852
758
819
844
872
894
867
833
822
850
850
858
872
861
842
819
822
844
897
883
850
842
814
839
847
869
867
892
833
811
868
767
883
897
869
836
839
828
831
850
878
881
864
817
811
853
878
786
794
858
822
831
825
842
883
897
856
819
825
849
792
892
878
856
853
819
819
836
869
889
889
836
808
839
856
869
864
875
842
828
819
828
878
894
869
836
833
819
856
864
867
872
864
825
808
839
861
900
872
847
819
850
839
850
878
864
861
825
706
758
886
892
861
853
831
825
844
847
864
897
856
819
819
828
867
900
878
844
842
686
761
839
872
878
883
825
814
836
861
883
858
869
836
828
819
833
878
897
869
847
761
822
830
931
875
861
872
828
811
831
850
889
894
853
819
839
839
681
792
881
864
847
811
814
853
897
883
856
844
819
833
839
858
881
892
836
808
825
836
886
886
869
839
844
819
828
861
875
883
856
667
747
847
875
883
861
856
828
831
828
842
892
889
850
817
833
831
875
878
703
792
853
819
814
844
869
894
875
831
817
847
858
861
875
861
844
831
819
833
900
711
808
836
831
828
847
861
861
883
858
822
811
839
867
894
869
842
836
836
836
853
875
872
864
819
811
842
881
892
697
789
828
828
831
847
869
906
856
814
822
825
864
886
875
858
853
822
814
847
867
753
811
836
806
847
847
872
867
867
850
833
817
825
847
836
878
836
833
819
842
861
867
878
703
761
806
825
842
881
897
867
825
842
831
844
864
878
672
792
822
814
833
892
883
856
850
822
669
775
853
861
894
858
822
819
831
861
739
806
858
847
833
828
833
875
872
883
836
814
851
797
878
867
872
847
833
828
828
853
906
875
836
822
825
842
878
875
864
711
817
819
817
853
886
892
853
819
844
831
928
867
878
867
844
814
814
856
889
881
853
839
828
836
842
858
883
883
836
811
828
844
878
881
864
847
839
828
831
872
875
883
836
808
828
858
881
869
872
842
833
819
825
875
897
875
828
822
819
847
872
878
872
872
819
806
836
858
889
881
844
819
847
839
856
878
747
847
844
814
819
869
889
869
842
836
833
844
850
867
889
861
825
811
836
850
894
875
847
842
839
833
844
881
872
869
825
811
833
875
883
867
864
831
836
825
842
878
903
861
814
825
825
856
881
875
867
858
817
814
844
867
892
867
833
817
853
850
867
878
864
853
817
819
844
892
881
850
833
819
842
847
872
878
889
833
803
828
836
883
881
861
842
847
828
831
875
869
881
847
814
814
867
872
864
869
844
836
828
833
864
903
869
831
819
817
844
875
878
864
869
825
811
833
861
886
886
847
808
839
839
864
875
872
861
847
814
819
872
892
869
836
828
828
844
858
656
811
889
825
806
831
844
883
886
858
828
844
833
839
878
872
878
844
683
744
856
881
878
858
847
831
842
833
769
872
886
844
811
822
836
878
872
861
852
847
822
819
853
869
758
806
831
683
769
844
864
664
806
856
847
818
761
728
817
878
861
836
817
831
853
867
869
892
850
817
817
833
875
892
864
836
839
828
828
867
883
881
864
822
797
850
872
875
858
850
831
844
825
853
903
881
844
817
819
836
872
872
861
864
842
825
822
867
881
886
850
814
825
842
861
872
878
853
844
825
822
861
900
875
839
822
814
844
853
881
878
883
828
811
833
847
889
881
856
819
844
831
839
841
825
875
861
817
806
853
778
864
856
853
819
836
831
861
894
892
856
811
819
833
872
872
867
853
844
825
825
869
883
883
844
817
822
850
864
867
872
847
847
825
822
867
900
855
781
828
814
836
850
872
872
892
839
806
825
847
889
772
797
831
836
825
831
864
742
869
867
825
808
842
875
878
858
853
828
839
825
844
900
892
853
819
822
828
869
869
650
800
856
822
817
847
669
822
889
844
811
831
822
797
867
875
853
842
656
769
839
900
881
853
831
811
833
858
872
864
886
836
819
825
847
883
892
861
825
831
833
842
861
886
878
858
819
811
856
886
875
853
850
822
836
833
856
897
889
844
811
825
842
883
867
856
856
833
825
828
872
886
886
842
817
828
850
867
867
869
850
839
819
825
878
897
869
836
831
819
844
856
864
883
861
825
811
839
867
900
867
842
831
831
831
847
883
875
869
825
814
839
881
886
856
856
822
833
822
842
892
894
856
819
828
831
867
872
867
858
847
819
817
853
875
894
861
831
822
850
853
864
872
853
842
828
825
842
908
881
847
831
819
836
853
872
867
886
831
808
833
847
889
894
861
825
836
828
842
864
844
808
861
817
814
844
889
889
856
853
822
831
828
853
848
847
856
814
828
825
864
883
847
792
856
822
819
833
872
886
840
786
828
828
850
861
869
869
850
839
819
819
858
906
881
842
703
756
839
853
867
869
892
828
808
828
842
889
692
808
831
842
825
828
864
872
881
861
819
808
853
875
878
861
847
836
833
825
844
903
875
844
819
825
839
881
878
856
869
828
814
833
789
867
892
867
857
753
847
842
867
872
867
853
