975
1036
1006
1006
1058
1022
1039
964
878
936
1000
972
919
931
856
842
847
864
828
792
800
808
775
783
794
811
786
742
683
683
700
747
769
744
839
745
744
744
744
744
744
883
828
836
858
936
942
911
917
942
958
1000
876
989
964
903
853
864
889
864
844
806
742
750
789
831
864
936
1031
989
903
908
967
986
914
872
892
908
911
997
1031
1017
981
975
925
942
975
942
836
844
842
844
867
861
822
806
750
756
733
800
894
919
803
801
802
800
800
801
801
801
801
801
801
801
801
801
801
801
801
922
801
801
801
801
801
801
869
801
801
801
886
801
801
801
801
801
801
801
801
801
801
801
801
801
801
801
801
801
801
801
801
801
801
801
801
801
801
801
801
801
801
801
801
801
801
801
801
801
801
801
801
801
801
801
842
819
801
801
801
801
801
801
801
801
892
817
922
892
801
801
809
805
813
811
810
810
809
809
809
809
809
809
809
809
931
847
809
809
809
809
809
809
809
809
809
809
809
809
809
809
809
809
809
809
914
878
939
809
809
809
809
809
809
809
809
992
892
928
809
809
809
809
809
983
838
1031
868
956
989
912
1081
1064
947
867
925
1031
1150
1136
1033
997
1008
989
1031
1114
1114
1047
1075
1142
1025
1042
1047
1042
1058
1139
937
1069
928
867
875
947
1053
989
892
831
814
831
869
992
1050
889
892
947
947
903
942
933
937
939
908
961
894
806
803
856
822
850
875
936
933
864
900
961
1000
1028
1014
961
917
972
1089
1017
1039
1022
1025
958
1056
1097
1083
953
961
1081
1136
1050
1067
1064
1025
1053
1100
1022
986
969
928
1008
1092
1083
942
972
1019
1075
956
931
956
961
933
992
1142
1047
1028
1036
939
1036
1100
1058
958
1014
1036
1056
1117
1103
1022
969
975
944
911
961
1108
1014
1103
1075
1067
1033
911
933
1000
989
1100
1086
986
1019
1033
1108
1031
1014
986
922
1006
1108
1056
1028
944
989
1075
1028
1033
1006
931
964
1014
1006
1044
1028
928
967
975
953
1003
992
986
992
958
1006
933
967
992
1003
931
1006
1047
992
908
864
908
889
903
858
906
1033
1053
1075
1031
1022
964
928
886
911
1022
1150
1069
958
983
1094
1108
1094
997
989
1047
1078
1050
986
1048
1047
826
897
872
872
853
794
756
761
775
800
767
778
764
728
717
686
733
783
836
936
771
748
759
947
928
906
969
983
917
922
942
1000
964
892
903
947
975
964
886
850
844
922
931
956
1003
1025
947
906
889
928
1042
994
928
906
961
1028
1008
961
969
947
889
875
897
919
831
842
814
797
869
881
878
872
797
753
828
858
936
958
903
856
867
889
942
1000
1000
917
875
883
889
889
919
950
944
872
889
944
1006
981
950
964
906
908
1000
953
994
944
894
906
881
889
881
917
850
883
961
1008
1019
1022
986
911
928
961
953
975
972
903
897
994
1003
1006
1014
969
933
928
953
975
1033
969
886
928
994
1003
1000
922
861
858
867
831
847
847
817
803
814
869
944
1047
1033
956
969
956
1011
1094
1028
975
967
997
1003
1011
989
931
936
964
1011
1003
1017
947
928
1000
994
986
989
944
814
872
961
1014
1006
917
875
861
908
906
900
908
917
914
911
942
981
1042
1000
967
1033
1092
1117
1058
1014
997
961
1003
997
931
919
889
856
886
889
903
858
806
831
819
900
942
911
908
936
883
836
850
922
944
956
928
839
886
958
969
936
903
894
906
894
936
969
992
928
906
875
908
961
975
867
889
919
1000
1003
953
886
819
803
856
953
978
1017
1017
1008
953
994
997
931
950
922
936
989
972
947
928
825
817
828
872
850
850
831
831
822
794
833
861
833
850
769
786
817
847
992
983
925
861
806
839
814
867
908
864
853
847
850
851
839
839
808
848
1044
847
847
847
847
808
847
847
847
847
811
775
867
847
829
750
731
829
820
824
808
822
823
821
821
783
819
820
821
775
820
820
820
820
820
747
820
820
820
820
903
820
931
820
900
820
894
820
850
835
897
842
997
846
997
848
919
849
972
873
1017
896
1028
907
950
913
906
910
911
910
942
910
914
910
914
910
972
910
989
912
911
911
861
911
911
911
908
911
897
911
883
909
936
910
978
909
956
909
869
909
864
909
936
909
939
909
917
909
889
909
922
909
978
909
1014
909
967
909
986
915
1056
941
981
954
894
947
917
944
936
942
928
939
894
932
922
930
1008
931
1061
930
931
930
906
930
925
930
944
930
972
930
981
930
1078
930
937
933
1133
935
1122
936
936
936
936
936
936
936
936
936
936
936
1114
936
1017
936
1125
936
936
936
936
936
936
936
936
936
1103
936
1033
936
936
936
936
936
936
936
1089
936
1097
936
1097
936
1042
936
936
936
936
1114
936
936
936
936
1094
936
1092
936
1042
936
947
936
992
941
1061
944
1056
945
1075
946
1078
969
1131
1012
1067
1034
961
1023
1017
1020
1206
1021
1069
1022
1036
1021
1133
1021
1092
1029
1025
1027
1026
1026
1092
1026
1026
1026
1026
1061
1026
1047
1026
997
1026
1026
1026
1161
1026
1044
1026
1086
1026
1026
1026
861
1026
1026
947
897
908
975
892
917
969
942
897
886
833
864
875
911
881
817
817
811
800
878
897
867
886
872
842
875
953
931
947
953
864
889
953
936
942
897
878
883
828
883
931
906
911
864
814
789
750
800
822
818
816
817
815
978
815
950
816
978
816
931
686
816
816
816
816
816
753
739
816
816
816
816
816
816
816
736
722
733
758
844
861
787
801
800
753
842
939
800
821
847
783
800
800
810
805
807
822
758
802
801
803
802
804
831
803
781
767
767
789
850
822
808
836
814
769
764
819
875
864
806
786
797
811
839
850
839
806
822
858
847
875
914
881
906
872
803
911
992
969
869
847
778
806
872
953
917
994
989
903
964
1003
935
958
955
1136
828
833
936
945
940
942
941
941
940
940
940
940
940
940
940
940
940
940
940
940
940
940
940
940
940
940
940
940
940
940
940
940
940
961
892
940
940
940
940
940
940
940
940
940
940
940
940
914
940
940
953
940
940
940
940
940
940
940
940
940
967
940
940
940
940
940
1044
947
986
940
940
1075
997
1050
966
991
975
980
977
985
982
983
981
981
981
981
947
981
981
981
981
981
922
981
981
981
981
981
981
981
981
981
981
1164
981
981
981
981
981
981
981
981
981
981
981
981
981
981
981
981
981
981
981
981
981
981
981
981
981
981
981
981
981
981
981
981
981
981
981
981
981
981
981
981
981
981
981
981
981
981
981
981
981
981
964
964
981
981
939
989
956
972
976
964
964
997
1008
992
958
1008
974
984
1114
1036
1017
1017
1000
1012
1075
1014
1017
1031
1017
1017
1017
1017
1017
1206
1017
1017
1017
1017
1017
1017
1017
1017
1017
1017
1017
1017
1017
1017
1017
1017
1017
1008
1017
1197
1017
1017
1017
1206
1017
1092
1017
1186
919
1017
1017
1017
1017
1017
1197
1017
1017
1000
1017
1017
969
1017
1017
1017
1017
1017
1017
1017
1017
1017
1017
1017
1017
1017
1017
1017
1017
1017
1017
1017
1200
906
978
1017
1017
978
931
1044
1136
1058
1083
1067
1067
1028
1094
1097
1061
1025
1042
1156
1128
1069
1017
1089
1122
1047
1072
1022
1053
1058
1067
1111
992
972
1075
1078
1033
1067
1019
1014
961
989
1089
1158
1131
1108
1108
1117
1128
1092
1044
1006
1106
1122
1086
1156
1022
1017
1075
1128
1156
1014
1086
1086
1139
1019
1008
1019
1000
936
1008
1081
1033
958
1003
975
1122
1022
1036
1061
989
1078
1094
1003
969
994
1000
1056
1092
1064
1003
942
969
1000
1039
1086
992
1000
1053
1072
1089
1064
997
956
942
989
981
1019
1008
942
1017
1097
1044
1050
1000
956
1028
1111
1117
1100
1039
1133
1133
1136
1103
1022
1042
1058
1108
1172
1061
1086
1067
1103
1150
1083
1069
972
1097
1114
1044
969
1076
1072
1070
886
875
1057
1050
1047
1048
1049
864
1047
856
906
1047
976
872
976
976
969
972
974
973
1172
973
973
973
973
973
973
973
973
973
973
973
973
1167
973
973
973
973
973
973
973
973
973
973
973
973
973
1131
973
973
973
973
973
973
973
973
973
973
973
973
973
1144
973
973
973
973
973
1078
973
973
973
973
973
973
973
973
973
973
973
973
973
973
973
973
925
973
973
973
973
973
892
973
973
973
973
973
973
973
973
973
973
973
973
1150
973
973
973
973
973
973
1164
973
973
973
973
973
973
973
973
973
973
973
1156
973
1172
973
973
973
973
973
973
973
973
973
973
973
1172
973
973
973
973
973
973
973
1167
973
973
973
973
973
973
973
973
973
973
973
973
973
973
973
973
973
1072
978
973
973
973
1158
973
973
973
973
973
973
1092
964
1014
973
973
973
1097
1139
1103
1064
1147
1056
992
1025
1117
1006
1081
1169
1136
1150
1161
1183
1244
1203
1222
1111
1111
1061
1156
1242
1181
1168
983
1047
967
944
1054
1050
1018
961
989
964
978
972
983
1100
1125
980
979
981
1128
980
980
982
981
980
980
980
980
980
980
980
980
980
980
1119
980
980
980
980
980
980
980
980
980
980
980
1156
980
980
980
980
980
980
980
980
980
980
980
980
980
980
980
980
980
980
980
980
980
1144
980
980
980
1100
980
980
980
1178
980
980
980
1061
980
980
980
980
980
980
980
980
980
980
980
980
980
980
1178
980
980
980
980
980
980
980
980
980
980
980
980
980
947
980
980
1022
980
980
981
980
980
980
980
980
980
980
980
980
980
980
980
980
1031
980
980
980
1147
1028
980
980
980
1133
980
980
980
981
980
980
980
980
856
931
864
980
980
980
980
955
800
764
808
797
861
834
821
827
814
817
897
819
820
824
820
820
820
820
820
820
820
820
820
820
820
820
820
820
820
820
820
820
820
820
820
820
820
820
820
820
820
820
858
820
820
820
820
820
820
820
820
820
758
820
820
820
820
820
820
820
820
831
856
964
820
820
992
961
825
828
1253
