687
753
765
741
724
749
736
718
735
735
743
729
741
737
745
741
736
730
710
699
673
658
669
670
627
660
707
695
689
675
679
674
677
685
720
738
721
713
691
682
670
661
679
705
770
761
719
701
695
711
737
748
806
913
877
835
793
761
731
733
752
748
711
681
633
647
698
700
689
701
718
728
734
752
816
809
803
779
731
673
651
666
713
771
752
720
745
805
834
822
851
850
821
791
734
705
698
695
714
755
768
742
711
697
720
785
789
810
848
830
816
790
765
734
695
690
699
735
811
791
748
708
691
704
720
762
795
852
875
844
813
775
756
738
720
717
739
765
708
698
739
783
766
794
822
851
847
820
784
740
706
688
691
736
809
785
767
738
725
736
755
775
786
811
877
833
800
754
711
702
699
717
759
798
815
797
776
750
722
709
733
761
781
825
854
844
823
774
725
684
666
678
708
765
770
744
709
689
693
728
764
774
892
857
824
780
730
694
671
666
666
713
772
769
736
721
723
728
737
771
775
845
823
787
759
740
714
701
685
679
675
667
658
650
624
639
685
694
676
670
676
685
686
695
710
745
807
789
758
724
708
690
682
684
706
753
799
835
817
790
773
761
766
781
791
814
829
820
797
771
728
707
699
699
727
764
750
744
745
757
757
755
760
759
758
748
747
729
722
733
822
792
772
752
734
718
712
716
727
781
808
829
793
778
759
728
737
786
829
795
758
719
693
685
668
642
692
753
750
745
765
773
806
807
844
864
816
758
712
683
662
840
845
692
860
860
849
848
843
838
852
859
832
794
758
720
687
660
626
616
649
709
780
767
752
749
745
738
724
731
730
764
782
753
721
684
657
640
628
630
612
605
626
670
695
695
702
718
743
742
765
843
790
763
724
683
670
679
704
748
774
795
816
791
775
752
710
721
769
800
805
836
