800
675
831
794
797
803
756
869
831
806
808
806
806
761
850
847
825
808
794
800
844
750
856
814
828
806
797
839
731
867
828
817
806
833
758
781
836
850
822
831
808
875
686
800
861
833
817
844
767
778
772
869
842
811
808
839
756
781
822
853
825
828
839
758
778
789
861
828
817
775
842
867
700
850
850
808
806
786
822
758
825
842
825
839
806
797
836
728
853
836
814
814
811
717
847
803
850
822
819
800
797
747
814
922
769
828
814
806
772
781
853
769
803
903
758
794
772
828
844
822
825
744
839
769
797
844
828
822
817
811
744
836
822
828
814
825
811
792
731
847
842
833
836
808
928
656
775
836
811
867
797
825
781
769
844
844
817
825
786
767
803
800
853
822
839
817
817
778
775
850
814
694
869
861
731
769
825
842
825
836
811
800
775
783
842
822
722
803
819
817
808
867
761
828
822
817
800
772
797
842
825
772
783
872
753
778
850
831
808
831
822
783
739
753
922
775
842
814
806
783
786
831
828
756
772
881
828
708
842
833
808
831
825
789
781
811
822
786
886
706
806
792
786
847
842
839
828
842
797
764
831
825
822
842
806
803
753
781
828
814
825
825
783
756
744
803
808
806
819
811
783
767
769
817
808
808
817
808
772
744
794
811
803
805
875
817
769
775
831
817
822
833
831
789
767
817
825
822
828
831
806
769
797
825
889
839
811
819
764
756
822
817
806
833
836
792
767
828
667
861
836
828
822
783
767
825
817
833
836
839
789
769
822
811
808
836
833
800
769
808
833
797
847
833
731
647
764
772
792
808
797
825
794
744
769
786
797
800
806
828
758
747
808
769
811
828
806
822
758
769
828
808
814
847
842
772
778
814
814
825
811
844
819
756
825
806
817
850
833
808
778
792
822
800
858
864
847
789
703
825
808
892
758
844
803
769
803
811
808
878
797
839
767
789
817
794
828
842
839
794
767
819
803
803
831
853
817
778
806
797
806
842
833
842
781
781
814
797
817
842
856
794
769
861
744
758
797
789
794
739
744
794
761
781
806
833
794
761
794
797
803
819
833
856
781
778
831
808
831
856
839
817
775
831
800
808
747
847
828
778
800
806
794
836
839
844
858
769
797
778
792
825
853
803
753
817
797
806
833
872
833
800
839
722
797
833
839
850
792
783
808
786
814
842
856
803
775
822
789
789
825
861
731
708
811
806
794
817
833
858
825
794
822
808
739
831
869
833
775
819
789
775
822
844
839
797
725
794
811
858
878
792
806
783
811
786
786
831
858
836
783
811
803
781
719
814
875
811
794
825
803
750
831
861
833
775
819
792
778
819
850
839
800
800
794
781
819
742
786
844
789
811
778
789
825
861
839
825
817
806
700
817
844
853
806
800
800
775
808
833
858
817
789
722
769
775
836
875
861
800
842
733
769
811
833
847
892
725
797
775
797
831
861
739
761
850
797
794
814
883
769
814
817
794
775
806
828
853
819
800
811
769
786
808
714
864
844
839
803
789
733
836
856
817
808
811
764
797
828
861
825
733
825
822
803
756
853
839
811
825
792
769
803
828
853
828
725
819
806
817
844
789
828
808
833
781
758
800
847
844
814
831
733
725
822
872
864
756
819
819
772
789
808
856
836
806
836
792
753
739
792
878
836
883
739
769
797
808
850
825
817
825
772
772
797
803
797
881
886
722
764
789
822
853
825
828
811
764
753
753
925
864
742
844
778
769
789
839
847
814
847
783
786
836
761
850
828
836
822
769
786
797
853
764
822
889
839
692
794
831
839
822
850
803
772
783
800
803
808
858
881
725
775
803
844
836
819
850
789
753
783
825
792
794
892
861
714
789
800
833
831
839
822
781
786
786
811
847
867
822
800
756
786
825
828
819
864
817
744
786
861
772
825
850
836
775
789
789
828
831
772
881
867
700
786
825
833
819
869
817
761
781
733
850
903
767
839
783
786
792
831
819
822
864
794
686
847
772
825
825
856
836
778
783
794
825
814
822
881
836
722
792
811
819
822
869
817
764
772
825
806
825
867
828
783
781
781
825
817
719
900
797
778
789
814
808
822
864
797
825
739
811
814
814
864
844
789
783
786
789
814
900
808
797
794
783
817
803
817
881
819
772
697
828
825
847
808
836
800
783
781
811
814
842
856
808
731
806
875
744
819
869
822
781
783
803
800
800
867
908
736
794
786
797
800
842
856
811
803
786
814
797
808
881
833
775
786
806
800
789
881
844
806
789
786
800
792
833
892
778
811
786
800
792
811
875
831
758
800
864
753
794
872
847
794
786
789
794
719
878
914
744
822
783
803
781
806
869
825
744
836
792
794
786
867
853
803
792
800
767
825
817
861
817
817
792
797
778
814
875
800
825
789
811
783
786
867
844
869
733
806
794
781
839
853
822
825
772
806
775
808
856
819
833
781
839
769
786
861
839
811
803
808
750
797
925
778
817
831
797
797
772
808
833
864
800
811
811
772
778
864
836
792
822
878
733
775
831
847
822
817
803
817
817
750
850
819
833
811
806
783
814
800
828
819
822
822
778
806
833
806
819
822
819
797
767
836
850
783
836
814
811
767
792
850
858
781
828
817
778
767
836
822
819
819
786
825
772
819
825
797
839
900
750
772
786
831
817
833
808
844
833
717
831
817
822
828
836
792
767
869
778
822
836
833
808
769
797
811
869
794
833
833
775
767
836
819
819
828
842
786
767
822
814
817
847
811
819
778
792
817
817
836
836
833
778
778
817
803
822
831
839
800
764
825
808
800
836
853
750
808
797
806
811
842
831
839
778
781
783
836
900
767
850
783
769
822
792
808
756
894
803
772
814
803
792
833
842
811
808
861
733
797
833
839
861
800
767
814
789
797
844
853
814
778
817
803
775
836
850
836
789
794
800
800
817
847
850
797
781
814
792
808
900
794
814
772
825
792
781
792
886
825
797
808
794
789
825
836
811
819
856
756
772
808
836
864
822
781
764
853
739
825
861
833
786
817
792
731
842
917
781
811
803
797
781
814
831
875
794
792
817
781
775
828
864
844
781
831
789
767
800
850
847
817
800
797
772
808
828
856
833
853
753
775
789
817
872
828
783
864
756
764
811
850
842
817
828
797
808
744
831
853
819
825
806
772
764
864
844
833
803
828
786
761
800
861
792
850
839
794
761
794
828
844
819
831
803
825
736
811
861
825
825
825
764
769
808
861
839
811
844
792
753
814
881
775
814
853
800
764
789
836
808
833
833
817
775
789
811
836
828
825
847
783
764
792
819
831
828
869
803
758
778
822
833
775
900
867
711
792
786
836
836
831
839
733
825
769
844
828
819
867
792
758
750
853
817
831
856
825
772
783
797
828
831
836
844
778
789
789
825
825
867
817
814
761
783
819
817
836
900
781
769
778
794
819
822
881
814
797
783
783
819
814
839
883
764
786
781
819
817
819
872
822
761
781
811
803
814
872
833
736
858
742
814
814
850
850
806
792
744
847
786
831
869
817
786
783
806
800
803
933
783
786
781
800
789
800
872
811
850
778
786
803
803
833
858
817
806
833
758
786
814
878
822
794
789
828
767
794
872
836
800
792
806
822
753
853
853
822
817
783
817
764
817
875
825
803
792
811
783
786
886
839
803
794
794
792
731
925
808
822
811
789
794
786
822
794
861
811
797
808
781
789
867
831
800
744
881
742
781
858
836
814
811
803
756
786
839
853
828
831
800
803
772
792
886
797
828
808
811
778
772
858
828
811
828
817
778
772
842
833
847
789
814
800
775
806
842
850
842
789
814
772
786
833
819
842
806
825
783
767
839
828
814
808
897
747
772
819
825
825
836
753
853
758
792
839
814
836
833
828
772
714
878
808
819
831
831
797
764
825
822
756
894
803
814
778
792
811
817
842
811
850
842
714
822
808
819
842
844
783
778
872
739
808
836
853
811
769
817
847
761
833
842
825
775
794
803
806
836
836
853
778
775
822
789
817
897
794
797
772
822
789
797
828
858
825
783
806
806
789
828
844
781
853
764
800
783
828
839
856
806
764
758
853
750
836
867
822
783
817
792
764
828
922
789
797
800
803
778
819
844
861
861
725
814
781
800
831
864
814
817
789
789
772
819
861
836
806
792
881
711
806
842
858
808
797
797
822
758
836
853
817
808
806
756
800
819
872
828
794
822
786
767
753
933
800
811
831
792
769
792
831
772
869
781
817
772
792
819
856
825
767
825
839
733
797
853
844
811
844
789
731
847
806
853
822
836
803
764
792
803
908
772
828
822
769
786
808
883
850
764
844
786
764
783
842
881
775
861
808
758
783
819
844
875
792
817
772
789
792
844
822
892
786
778
778
789
836
831
783
908
783
764
772
822
844
819
858
761
822
753
800
822
828
847
828
781
792
717
867
808
828
858
800
775
783
822
817
758
939
789
764
775
811
817
814
867
839
792
767
792
806
814
850
842
800
778
808
803
817
825
869
811
778
783
811
875
750
878
825
778
783
797
800
856
817
850
794
792
789
800
775
850
875
819
806
783
814
794
808
839
858
842
731
817
789
803
883
839
797
714
817
792
797
850
853
814
806
789
800
736
836
936
764
814
789
811
786
792
875
792
783
889
742
789
783
869
839
806
806
786
844
731
839
856
825
822
789
803
783
861
797
825
828
797
808
775
772
889
817
811
814
817
778
775
853
833
886
744
806
794
778
819
847
817
831
875
750
772
797
842
819
836
817
764
817
764
847
828
822
828
828
781
769
822
844
883
758
825
800
769
806
839
825
839
803
833
828
728
831
814
836
833
825
778
747
850
822
822
831
839
792
767
825
814
819
875
786
814
772
800
819
814
831
808
903
722
786
808
797
850
839
828
775
786
822
803
819
839
858
797
731
825
897
731
833
856
817
769
811
806
775
853
914
756
778
797
800
789
842
836
822
794
831
781
789
808
839
864
814
775
822
753
786
900
811
836
789
808
792
781
822
833
858
869
731
800
781
825
842
856
811
794
867
717
789
831
872
819
792
822
778
781
822
856
836
800
817
792
772
828
814
858
817
808
800
769
811
825
925
758
800
811
772
778
822
