923
911
893
849
713
695
681
708
707
730
738
1020
959
926
909
859
868
856
992
1014
994
962
971
945
935
929
929
918
939
943
923
892
910
884
884
875
877
865
864
797
694
693
683
782
778
848
860
907
1015
1022
1017
979
942
797
708
604
932
889
790
834
866
762
741
696
713
731
750
721
661
637
653
692
986
916
765
711
732
811
967
852
793
773
810
802
790
797
820
821
916
738
759
736
669
652
634
653
699
803
967
938
884
942
921
789
757
852
913
800
761
771
713
723
750
759
852
809
709
637
623
630
681
658
690
743
912
866
844
796
792
987
1017
952
871
845
759
709
720
805
847
909
833
760
760
703
686
668
689
751
823
712
642
622
649
674
750
1021
981
960
902
746
681
710
788
969
942
834
808
780
831
788
754
720
704
673
666
647
659
663
659
633
649
672
673
753
936
864
843
878
960
902
794
731
749
773
796
918
957
889
861
785
822
756
760
733
765
702
657
647
703
758
850
947
870
858
942
927
820
836
828
919
906
868
762
748
756
717
668
674
656
646
620
641
683
721
1068
1037
1028
945
874
848
791
905
886
914
811
767
669
635
1049
964
886
782
770
692
665
661
649
674
728
770
1047
1014
961
894
861
763
726
857
1039
980
925
899
886
889
834
802
711
707
726
783
776
748
699
663
645
668
708
775
1012
2722
887
867
854
847
891
840
928
901
787
782
750
741
678
697
727
708
664
663
718
1023
1780
951
897
832
749
726
863
937
966
810
838
871
859
840
781
720
716
741
729
707
696
698
712
736
797
1052
1059
1010
915
908
967
982
900
991
966
980
956
918
871
776
769
804
814
733
671
675
706
1072
1029
1034
981
963
1015