231
869
875
892
933
956
900
869
869
861
914
917
914
897
906
886
869
911
914
903
847
839
869
889
897
886
858
853
847
819
853
903
911
858
839
814
792
806
806
800
786
806
756
761
786
806
842
853
786
756
775
794
808
833
844
836
817
783
783
792
825
808
806
806
808
839
869
889
914
956
922
861
894
892
919
956
919
881
878
872
878
889
928
917
844
839
908
917
933
883
869
858
878
839
817
867
875
850
831
836
825
903
900
869
875
842
836
831
839
861
875
831
800
836
856
861
872
847
867
856
844
858
897
906
919
883
864
881
878
892
908
911
856
803
772
794
825
819
814
767
772
772
750
775
811
803
836
814
786
794
831
839
861
861
831
822
803
789
803
844
844
825
769
775
750
775
803
828
794
797
772
761
758
783
814
817
794
778
761
822
825
814
828
847
836
822
833
864
928
944
933
881
825
842
892
900
922
928
892
853
847
850
922
919
836
869
894
892
878
933
903
931
839
878
919
917
886
942
906
856
867
894
922
947
903
850
861
864
903
931
931
933
867
861
864
914
917
894
847
814
867
881
908
944
881
900
881
869
906
939
917
936
914
889
908
947
956
992
936
856
842
858
928
958
939
897
917
917
928
906
956
947
858
856
936
961
928
878
844
864
858
869
969
961
939
914
922
961
983
1003
942
939
922
911
961
975
983
953
944
944
961
944
1000
978
917
914
933
1008
1006
978
953
911
939
944
992
1014
961
928
900
958
1003
1011
944
958
950
953
1025
1033
994
906
914
939
931
878
925
889
917
897
936
1017
997
975
931
892
956
989
1000
1011
967
958
989
1008
1058
1039
992
994
1014
1028
1028
1025
975
992
1889
969
958
925
914
931
961
1014
1022
947
900
931
925
906
919
892
903
861
839
919
986
989
953
917
967
989
992
992
944
917
906
939
1014
1003
958
939
922
894
947
983
1019
950
869
906
878
944
917
911
861
858
861
931
1006
1044
1025
964
989
1067
539
1183
1006
964
975
978
1028
1056
958
969
981
1044
1053
1039
1028
950
975
1022
1053
1050
997
939
997
1036
1056
1056
1022
967
975
1031
1031
986
992
983
989
1056
1067
1044
986
986
1000
1050
1083
1008
986
1006
1008
1050
1086
1061
986
1006
1067
1050
1053
1044
1000
972
1022
1081
1053
969
989
992
1028
1008
1031
1047
972
992
1050
1064
1064
1028
1022
1011
1069
1086
1047
1003
997
1003
1078
1086
1031
986
1006
1036
1003
1044
997
942
903
939
1036
1011
981
1008
967
961
1011
1028
1036
961
939
1031
1075
1022
1050
997
981
1025
1033
1050
1022
961
886
925
994
1011
1050
1000
961
1050
1064
1050
1019
969
975
958
961
947
975
950
939
953
994
975
936
911
919
936
989
1000
1011
903
869
894
917
975
972
942
933
908
886
956
983
989
908
897
922
942
967
956
933
936
919
922
975
1022
1003
936
953
961
953
969
972
964
936
944
981
994
989
961
953
936
958
964
989
1006
969
942
969
964
958
956
922
922
972
1033
1017
1042
1000
997
989
1078
1089
1006
1025
1008
1011
1042
1086
1061
986
1042
1042
1025
1019
975
942
956
975
1075
925
1150
989
978
969
975
917
947
919
892
983
1044
1047
1011
1017
1019
1014
1075
1028
972
947
931
981
1014
983
969
947
958
956
1039
1047
1022
1006
983
983
1061
1056
1000
1014
997
972
1033
1078
1033
947
1003
1028
1033
1047
1042
1014
961
1028
1100
1053
1022
1000
1006
1025
1092
1081
986
964
986
978
1039
1039
964
964
1000
1022
1047
1061
1033
972
1017
1078
1078
1042
1017
1031
986
1056
1097
1028
969
989
1056
1039
1047
1044
989
939
1003
1044
1008
1006
958
975
964
1025
1056
1003
994
989
1028
1053
1050
1033
964
1017
1044
1056
1083
1047
969
1014
1067
1050
1036
1019
992
944
983
1044
1039
978
969
997
1008
1036
1042
969
989
983
994
1064
1036
964
972
1017
1017
1025
1025
1003
967
967
1047
1058
1006
992
1011
978
1033
1067
1008
986
981
1008
1031
1036
1025
967
992
1017
1000
1058
1044
964
956
1011
1069
1006
997
1019
969
969
1053
1083
1003
986
1014
1019
1031
1061
1028
978
1006
1011
1067
1033
1025
983
969
1033
1044
1019
1003
983
978
1006
1086
1011
992
1006
961
1000
1053
1014
986
978
969
1014
1050
1044
975
975
992
992
1003
1022
975
961
978
1064
1042
1006
1044
986
983
1042
994
1011
933
872
919
919
989
1022
1022
978
989
1033
1081
1047
1033
1017
1003
1019
1044
1083
1003
992
986
1011
1072
953
953
964
947
1000
1053
1050
967
956
964
967
1019
1017
953
961
969
956
1008
933
886
853
864
864
917
939
917
981
953
975
992
1061
1061
1000
964
1003
1028
1061
1011
1014
978
964
1017
1050
1025
975
953
1000
1019
1014
1014
958
872
869
883
981
1003
978
972
986
1017
1061
1025
1042
1003
1031
1047
1050
1025
1019
1008
983
936
1022
964
911
861
844
861
861
906
900
903
878
872
908
969
1000
986
961
1008
967
1006
975
917
908
919
975
1061
1061
1056
1019
1033
1031
1022
1050
1008
944
908
953
1008
958
894
917
925
917
967
1000
1014
936
858
831
844
853
850
900
894
944
958
1014
1064
1011
978
917
914
897
947
992
1006
983
967
1017
1067
1069
1025
1011
994
997
1056
1039
1019
919
917
989
944
975
931
847
828
822
822
914
978
931
878
867
919
1006
1050
1064
1047
1025
1039
1092
1097
1036
942
992
992
994
1011
994
981
958
981
1047
1000
989
969
992
1003
1031
1058
1000
969
978
1006
1025
1006
994
1000
942
967
1036
1042
983
944
950
1008
961
917
961
908
911
903
964
1044
978
975
964
972
1003
1042
1047
994
981
981
961
1022
944
892
864
903
936
967
969
992
978
967
978
1053
1036
981
947
978
989
1006
1061
989
914
953
972
1039
1033
1028
986
953
969
1022
1008
1017
981
967
939
975
961
953
939
969
992
1008
1069
1050
1028
975
1025
1053
1033
1067
1011
989
978
1061
1078
1003
1008
989
967
1039
1058
1025
975
972
975
1044
1033
1000
981
992
969
1014
1086
1003
961
989
978
1033
1025
997
983
961
964
1019
1056
981
969
989
969
1031
994
1019
983
947
978
1025
1047
989
939
936
942
919
925
964
953
936
958
986
1067
1039
989
997
956
997
1047
1058
983
972
1014
1000
1031
1025
961
964
944
931
1006
1006
967
931
981
1017
1019
1036
1039
956
953
1017
1064
1019
964
967
961
972
978
986
975
950
914
972
969
994
942
881
894
883
922
997
967
914
919
933
983
981
1011
1003
956
942
983
975
1011
986
928
967
969
953
983
956
958
947
953
1003
989
981
950
931
967
947
1019
1017
972
922
933
964
997
953
953
969
931
950
1011
975
994
958
897
975
975
953
961
936
931
922
989
1056
989
975
928
964
983
1011
983
936
897
911
964
972
1000
961
894
942
950
972
1014
981
975
942
950
1008
1006
1000
975
981
983
944
1000
1006
956
911
942
1008
1000
1025
969
953
911
958
1006
1022
961
958
983
992
989
1044
1006
931
942
947
1028
958
967
947
919
947
953
1000
1014
983
972
1003
1047
1064
994
972
972
975
989
994
1014
967
917
944
986
992
975
917
903
908
925
944
981
939
911
914
933
969
1003
1003
969
886
906
925
942
928
875
833
886
864
881
906
908
908
892
897
886
964
956
928
875
842
892
925
958
1017
969
919
883
925
967
956
925
964
950
967
1022
1061
1044
956
972
1008
1033
1042
1000
978
958
983
1022
1014
986
989
964
981
1019
1031
1053
992
972
956
1025
1039
992
961
978
972
1003
1025
1033
978
950
1003
1036
1003
1014
931
961
953
978
964
989
969
964
944
1022
1053
1022
1000
986
950
925
967
1019
975
983
1011
1025
1047
1050
1011
964
658
1275
1086
1033
1006
989
1003
1031
1031
1006
972
967
1011
1086
1108
1072
1064
1000
967
1044
1058
1031
947
978
1019
1025
1000
1019
1014
953
961
1058
1056
992
978
997
1028
1031
1053
1050
953
944
997
1061
1036
1014
1019
1006
994
1072
1067
1017
956
950
994
1006
1019
1000
947
981
1006
1022
1028
1017
964
931
1011
1039
1003
1000
1000
975
983
1047
1056
978
953
1008
994
1017
1039
975
894
853
906
1022
1033
989
986
1011
986
1014
1072
1061
969
994
1031
1050
1031
1028
1025
961
983
1056
1053
986
972
1000
1011
994
1033
1017
975
942
989
1075
1028
992
972
939
947
981
1017
1014
950
967
1008
1064
1067
1025
1006
992
958
1033
1058
1042
992
992
1033
1050
1039
1028
986
1011
992
1042
1053
989
953
967
1031
1039
1017
1028
933
956
997
1053
1011
989
981
989
978
1028
1036
942
919
922
911
956
939
928
939
933
983
994
1039
1047
981
972
1006
1075
1031
1025
1017
942
964
1019
1011
997
958
969
981
1019
1011
992
981
933
928
994
1011
956
931
950
922
986
1011
1039
953
931
925
917
950
983
964
942
981
1008
1072
1058
1061
983
972
1036
1025
997
986
978
981
1006
1008
1047
1000
958
983
1019
1053
994
1031
989
969
989
1042
1067
986
956
1014
1008
1025
1031
1033
936
939
1011
1019
953
953
939
939
939
1006
1058
1000
953
967
975
978
989
978
975
961
983
1050
1061
1058
992
994
986
1025
1056
1022
1000
983
1008
1081
1028
1003
989
1008
1031
1064
1039
1000
942
947
953
972
914
933
944
978
947
1006
1042
1033
947
931
1014
1042
1014
1014
994
1019
1006
1067
1061
983
972
978
1028
1039
1039
1014
992
989
992
1022
1053