378
761
797
811
878
858
825
806
800
811
808
836
886
850
808
806
797
828
839
839
878
822
792
794
808
853
856
839
872
806
778
806
825
861
847
828
839
853
728
822
856
867
839
817
825
800
794
836
861
861
819
800
886
750
814
858
864
847
792
797
831
819
831
850
847
822
792
806
844
844
839
842
831
806
794
808
861
850
833
825
825
806
800
842
869
842
822
797
814
806
811
961
769
831
811
817
817
803
794
850
828
781
775
767
786
806
825
822
828
794
744
767
797
828
800
486
881
811
786
800
828
867
847
831
842
800
786
864
806
869
833
789
811
792
783
817
842
858
808
769
811
786
783
839
833
833
797
772
794
803
819
831
819
831
769
772
803
811
831
831
806
814
778
764
803
844
819
803
794
775
792
767
783
867
833
789
792
775
778
786
800
850
825
772
781
769
783
794
822
842
814
781
769
761
811
817
811
836
814
767
764
772
811
839
819
808
808
767
753
797
828
833
819
803
817
803
792
831
867
867
828
797
825
806
797
844
864
850
800
806
828
817
833
853
858
822
786
803
828
831
844
844
842
814
794
814
853
903
783
828
822
800
794
833
867
842
833
817
814
806
806
861
861
833
817
797
814
808
831
878
856
822
806
794
828
828
839
872
842
789
797
806
847
847
842
872
819
781
803
817
861
844
831
844
808
786
817
844
875
844
814
828
800
792
828
853
872
822
794
831
811
808
853
850
858
803
783
831
814
825
853
850
833
800
794
839
842
836
842
839
808
792
800
856
861
825
831
883
750
794
831
869
844
825
808
808
803
808
856
869
839
819
800
814
814
831
864
858
817
794
794
825
839
844
869
847
794
792
806
836
844
842
861
814
786
808
817
869
853
833
842
806
786
811
833
875
847
808
828
811
844
833
850
828
828
789
825
808
808
850
856
853
806
789
892
764
836
850
847
836
792
783
839
839
847
844
831
828
847
742
861
850
828
831
808
808
797
817
881
853
825
817
808
806
811
844
872
844
803
794
811
819
833
861
872
828
789
792
819
833
839
861
853
794
789
806
839
856
842
856
825
783
797
811
858
858
897
772
811
794
808
842
881
847
814
819
864
731
825
853
867
833
797
825
808
817
853
853
858
806
786
822
819
831
861
847
903
742
783
842
844
836
850
828
817
789
792
864
858
839
836
814
814
792
814
878
853
825
808
797
817
811
839
889
847
808
794
806
825
828
850
933
764
781
794
819
839
850
856
856
797
786
800
842
847
842
853
822
794
797
817
869
856
831
836
811
786
803
833
872
847
811
833
811
794
833
853
864
828
792
819
808
806
853
850
864
814
786
831
822
831
853
844
842
792
783
839
839
836
853
833
819
797
792
858
850
833
836
811
808
797
814
881
858
831
817
806
811
808
836
881
847
797
800
811
817
831
867
875
825
789
794
817
831
839
861
908
744
792
803
842
856
844
853
828
839
739
808
861
858
831
842
814
789
808
842
869
847
811
825
800
789
828
853
872
831
800
825
808
811
850
853
861
808
775
828
822
825
856
850
844
794
786
842
836
836
844
833
811
792
800
856
853
839
836
822
806
797
822
869
847
828
808
814
811
808
853
878
897
756
800
561
836
819
911
814
833
794
800
814
833
842
858
861
817
783
794
828
842
847
853
847
800
789
806
856
858
836
847
817
786
797
822
867
856
828
831
811
789
822
847
867
847
803
811
806
803
842
856
872
825
789
825
811
819
853
850
842
800
781
836
828
842
858
842
825
789
789
850
844
839
842
819
811
794
803
875
864
822
822
814
811
794
828
883
844
814
800
811
814
819
861
872
831
800
847
756
825
839
858
861
811
794
800
833
853
839
861
839
842
733
806
844
856
842
850
817
789
811
825
869
850
828
828
800
792
822
844
878
847
803
825
808
797
844
850
867
817
783
831
811
819
864
853
847
856
728
836
828
833
850
839
825
789
792
853
850
906
781
822
817
789
806
867
850
825
819
811
814
800
836
883
842
817
803
811
808
814
856
869
836
806
794
822
828
836
861
861
808
789
797
831
833
839
869
839
794
803
806
850
850
833
856
808
786
803
822
872
853
831
839
806
789
819
847
872
839
803
825
803
792
842
861
864
825
792
828
858
761
853
853
847
797
789
833
828
903
792
856
822
789
794
847
844
831
842
831
808
844
767
869
850
833
825
814
797
797
842
867
847
825
803
819
808
817
869
864
828
806
853
761
819
828
872
856
808
803
803
828
842
833
875
828
783
803
806
847
847
839
867
811
789
806
825
867
844
825
844
800
778
869
800
872
836
819
831
797
789
836
861
853
819
803
819
803
817
858
869
839
806
803
817
819
836
850
861
817
786
819
831
836
853
842
839
797
783
831
844
839
853
825
822
803
792
861
864
836
836
803
814
800
806
881
861
825
817
806
822
808
833
886
844
806
797
797
822
831
844
883
828
789
803
808
847
847
844
861
803
778
800
833
867
850
844
833
797
778
817
861
853
836
831
811
786
806
842
881
850
814
819
806
797
831
847
872
831
786
819
822
814
856
853
861
806
778
828
825
831
850
847
836
792
792
842
844
842
844
822
819
850
739
858
853
839
833
811
825
797
819
881
847
817
811
803
806
814
844
875
844
814
856
761
814
833
861
861
822
792
792
825
836
847
864
856
797
794
797
844
847
836
864
819
839
747
817
867
853
831
850
803
783
811
842
867
844
811
825
808
797
833
861
875
908
706
828
803
808
844
853
939
719
794
828
819
831
856
847
833
792
794
831
836
839
844
844
814
794
808
856
853
831
828
825
797
792
833
867
847
833
814
819
800
803
864
858
833
819
794
814
811
825
878
861
817
808
797
825
828
839
875
842
783
886
719
839
847
842
878
814
783
800
819
861
842
833
850
803
786
814
844
878
842
814
833
800
783
831
856
867
822
803
831
808
806
911
806
847
803
800
819
811
831
847
861
831
797
806
831
831
847
839
911
744
783
819
839
842
850
836
828
800
786
847
856
836
844
814
811
794
800
869
864
839
828
803
814
803
822
883
853
811
797
797
825
819
847
889
839
789
794
806
833
839
847
869
811
783
794
828
858
858
844
842
797
781
806
853
861
836
836
819
794
797
831
869
856
825
822
806
789
822
844
869
903
747
819
808
808
850
853
861
822
783
817
819
822
856
853
850
800
786
836
833
839
853
833
903
703
792
853
850
844
903
764
814
794
806
875
850
828
817
806
814
803
833
886
844
811
803
811
808
822
858
867
825
800
794
822
828
839
869
856
806
794
794
831
847
833
864
836
789
800
814
856
853
828
858
811
783
803
831
864
844
822
897
744
794
819
853
872
836
806
878
742
800
842
858
867
819
797
828
806
814
853
853
839
797
797
825
825
839
856
856
814
794
811
833
847
842
836
833
800
875
739
864
850
842
822
822
797
794
858
861
833
828
806
811
806
817
878
864
825
808
797
872
761
833
975
753
803
797
803
839
839
842
878
822
783
792
811
844
847
842
858
856
731
808
839
861
847
839
908
706
792
817
867
858
836
828
814
794
808
842
872
842
808
822
806
797
833
856
867
831
792
825
811
811
853
850
853
806
783
828
825
836
858
847
839
794
786
842
842
831
842
831
811
794
806
861
853
839
831
814
861
742
831
869
847
828
806
811
869
758
856
881
836
803
797
814
811
831
869
861
814
800
803
828
836
842
869
836
792
797
806
842
844
839
867
817
789
806
822
869
844
825
850
797
781
808
847
864
844
819
833
797
789
828
869
853
822
806
817
800
817
847
875
847
800
806
817
811
839
850
861
817
781
819
828
833
919
786
842
794
786
828
839
842
850
831
822
794
794
858
856
844
836
808
817
792
808
875
853
822
819
806
814
808
839
881
839
906
708
806
817
825
853
869
833
797
794
581
828
833
842
872
825
781
794
819
853
844
850
911
750
786
800
844
858
836
842
822
786
797
825
864
861
836
825
811
789
819
842
869
844
803
819
806
803
842
861
864
822
789
825
806
814
856
850
850
800
786
836
828
836
850
850
825
789
794
839
847
828
842
839
806
792
822
858
933
758
819
819
794
794
844
861
842
836
806
817
811
814
869
861
825
817
794
819
814
831
881
856
803
803
806
822
889
786
875
822
789
800
808
847
847
850
864
808
786
800
831
861
842
839
836
847
733
817
861
861
839
833
900
708
797
836
872
844
817
819
808
797
833
858
872
831
792
819
806
817
847
850
864
806
783
833
825
831
853
844
833
792
789
836
836
833
847
839
817
794
808
850
853
839
828
825
800
792
831
864
850
836
814
817
806
794
867
864
831
819
800
811
806
822
883
861
817
806
536
811
822
839
867
850
806
797
797
839
844
844
872
831
783
800
806
850
850
833
861
800
786
811
833
872
844
831
833
800
786
817
853
869
833
811
825
808
797
842
869
853
811
811
817
800
822
853
864
836
794
814
822
814
850
853
850
811
786
817
831
836
853
850
842
794
786
842
847
928
753
825
814
789
794
864
856
836
833
814
811
794
825
872
847
825
806
808
903
719
856
878
839
806
797
817
811
828
872
858
811
800
800
825
831
844
881
833
792
800
800
839
850
836
869
814
786
806
825
869
847
833
844
794
778
808
850
861
842
828
825
847
744
833
869
858
819
814
811
797
817
847
872
847
800
814
822
808
842
853
858
817
783
819
825
817
861
842
847
797
783
833
839
839
850
833
819
789
792
856
856
844
839
814
817
792
814
872
853
819
814
811
806
808
850
875
842
817
797
875
747
817
869
861
822
808
797
831
825
831
883
856
800
786
797
836
836
836
881
825
786
800
814
853
850
839
853
800
778
803
836
867
850
839
825
797
794
817
867
864
825
822
814
789
808
844
872
850
811
819
806
797
844
853
864
825
786
819
814
825
858
856
856
800
783
833
828
831
856
842
828
786
794
856
850
836
847
822
808
789
808
867
853
914
742
814
806
806
839
872
847
822
800
819
803
808
869
858
831