736
861
836
844
839
869
922
881
833
833
842
833
853
911
908
917
878
903
867
900
936
889
847
842
833
878
889
894
892
836
839
833
878
883
869
869
825
786
817
828
842
842
831
828
800
786
811
856
869
836
833
817
811
850
864
925
881
836
858
831
817
858
883
894
839
822
853
833
853
881
889
831
797
844
831
836
867
878
869
814
831
847
833
856
858
853
819
806
828
839
833
867
847
814
778
778
850
847
844
875
850
836
825
872
900
889
894
853
858
844
839
911
892
858
836
836
850
856
894
911
864
842
833
856
850
875
908
861
817
819
847
839
856
881
856
814
806
806
847
861
839
883
850
794
808
833
861
858
850
836
794
783
794
853
831
814
819
789
775
792
800
856
850
822
836
814
803
842
858
892
856
831
842
819
808
847
864
844
817
806
794
789
822
831
831
794
761
786
811
828
878
894
908
894
886
881
881
883
911
886
842
814
858
869
869
886
872
853
825
869
925
908
917
872
867
833
833
928
897
872
872
853
847
850
917
919
900
869
867
864
875
922
931
903
864
850
864
856
894
919
856
831
817
850
847
853
903
856
800
819
825
839
856
867
867
806
786
797
844
847
839
861
833
797
814
800
872
853
825
869
828
792
822
844
875
836
819
814
783
758
800
839
842
817
806
797
778
781
817
844
831
797
789
803
772
797
839
850
836
792
794
811
794
828
836
839
797
775
792
789
797
833
806
806
742
711
719
758
778
800
828
825
825
794
833
906
853
850
861
842
817
800
869
897
878
883
867
856
844
881
906
889
883
861
875
850
886
953
903
875
853
872
878
883
944
908
831
842
853
858
861
900
881
842
825
833
878
878
886
886
839
825
833
886
906
897
925
878
839
847
869
894
883
881
850
831
844
867
900
883
872
864
828
822
844
889
883
842
833
811
803
842
864
872
842
792
825
803
789
842
853
847
814
800
842
850
864
892
917
878
828
864
867
881
886
875
856
808
814
864
850
844
869
864
811
803
828
833
808
783
772
786
781
822
911
953
922
922
922
906
892
978
942
903
878
881
875
869
933
928
881
858
861
869
864
908
903
861
839
836
850
833
858
894
850
819
806
844
869
869
894
897
839
847
856
903
894
881
914
850
828
858
903
897
869
883
828
811
814
872
917
886
883
858
839
869
886
925
889
839
867
833
828
878
908
878
842
839
819
819
875
903
914
861
864
883
872
908
919
936
878
839
872
850
856
881
867
814
806
828
844
856
881
878
844
803
814
875
867
858
858
872
842
825
878
908
878
889
850
836
819
839
917
881
853
867
858
842
842
908
881
853
831
817
828
822
861
881
856
819
803
806
808
819
861
867
819
836
844
869
889
892
928
875
825
856
875
875
878
911
842
817
836
850
897
878
867
861
822
847
856
903
892
861
872
831
811
853
892
886
872
875
853
858
878
903
947
883
856
872
864
897
919
944
900
847
903
872
897
919
925
883
842
867
867
861
897
892
853
825
842
856
886
894
878
875
828
833
894
883
892
875
867
836
800
850
892
867
864
861
856
853
867
906
878
869
842
847
811
831
900
867
836
822
803
822
817
819
864
819
783
778
783
800
819
844
864
828
806
806
836
847
858
908
867
828
825
833
883
875
892
903
825
819
833
872
872
853
894
844
794
828
867
883
872
886
847
822
833
850
911
875
853
867
817
808
839
872
864
828
814
831
789
797
858
892
875
819
836
836
819
842
858
861
817
803
836
831
864
908
900
917
825
878
875
881
894
872
867
825
828
867
867
872
869
856
808
808
869
872
864
867
861
833
817
858
897
886
892
850
839
808
817
892
878
842
853
842
842
844
892
906
869
844
828
836
822
861
919
875
844
842
869
889
892
939
908
847
839
844
878
892
911
897
844
833
847
872
872
875
894
825
817
828
875
886
886
900
858
828
867
864
906
881
858
864
822
819
864
900
881
858
861
814
811
847
883
892
844
842
847
836
861
900
925
878
831
872
836
833
875
889
867
819
822
833
822
861
878
881
814
797
850
853
856
872
872
844
814
844
875
872
906
892
875
831
831
919
919
850
850
836
792
783
850
883
889
881
858
878
858
919
942
911
908
875
883
881
906
950
894
883
869
883
872
911
942
900
853
858
886
883
900
944
881
850
850
886
906
911
942
883
836
853
853
892
894
900
886
825
842
872
917
900
883
886
831
811
842
908
883
858
881
842
822
856
883
914
889
856
864
833
878
911
922
878
850
864
839
847
897
925
875
842
883
850
864
894
919
894
844
872
889
894
933
922
908
828
842
872
875
889
889
883
833
850
900
906
908
911
897
881
850
928
906
914
961
919
897
872
944
933
906
900
881
844
886
950
936
911
886
911
889
878
950
908
883
858
875
886
894
953
919
858
861
858
875
906
944
919
850
833
847
842
819
831
850
811
794
817
869
908
892
933
897
861
872
894
939
900
883
856
794
817
850
889
889
875
889
847
844
881
928
886
833
867
831
842
883
900
922
875
858
872
861
925
922
933
917
886
919
914
933
939
939
869
892
894
911
928
919
914
861
864
872
878
914
883
878
833
825
875
900
900
931
931
894
883
944
931
922
900
878
847
839
922
894
872
864
853
839
836
889
914
892
869
842
847
847
875
922
892
864
833
872
853
875
944
886
861
842
856
872
881
933
908
875
864
861
914
908
919
919
872
861
892
917
911
933
911
847
861
886
908
883
886
869
803
817
850
892
875
864
883
836
808
847
917
911
897
892
861
833
861
892
906
853
853
856
819
847
897
903
875
842
881
847
847
906
925
883
847
872
875
878
908
914
897
836
850
856
847
894
881
883
831
811
886
886
894
908
906
867
839
886
903
881
869
864
842
822
864
906
883
906
872
867
828
850
928
883
856
836
817
822
789
808
797
750
717
692
689
686
664
675
714
706
686
658
647
656
681
675
703
756
786
767
739
761
794
825
850
872
894
856
842
856
911
917
944
936
881
894
914
953
928
947
922
861
856
844
889
889
869
911
856
861
900
908
922
911
894
814
808
861
953
900
886
900
872
836
869
928
914
808
775
764
722
711
744
750
758
731
708
739
733
736
789
806
839
833
825
856
772
1008
939
914
894
844
883
903
889
944
917
883
861
889
919
914
947
914
883
853
867
894
886
889
872
869
861
892
964
925
950
900
894
881
925
986
914
928
886
892
869
917
947
906
839
781
756
739
739
797
800
789
772
758
772
769
764
794
797
742
700
703
711
731
731
742
789
769
742
753
775
817
819
833
892
858
844
850
897
953
928
944
906
856
872
919
950
922
956
908
858
892
936
925
914
917
867
853
881
928
917
878
883
856
833
881
883
897
861
828
856
819
806
864
903
867
814
850
853
853
886
908
917
856
881
883
908
956
919
928
881
892
911
933
953
944
906
875
900
931
906
900
903
889
858
908
931
936
919
881
856
831
883
897
883
889
850
833
797
808
883
886
839
836
856
844
861
947
942
892
869
861
861
856
914
894
833
839
831
839
828
850
908
869
819
847
906
839
808
831
792
744
728
714
744
750
750
775
803
756
747
789
825
864
883
919
911
853
886
900
917
922
931
908
861
856
867
928
892
908
903
864
900
942
969
936
928
903
864
728
1117
983
922
906
894
889
900
903
925
853
836
853
842
897
897
928
886
858
872
861
914
936
914
864
853
869
856
872
906
933
856
844
906
886
892
894
917
872
847
931
950
911
925
922
883
872
919
939
917
914
894
864
878
925
919
894
881
864
833
817
889
892
878
894
867
872
878
933
947
886
872
842
847
806
814
853
850
831
836
903
914
928
1014
975
894
883
928
928
922
953
897
847
864
897
906
906
947
878
842
850
900
897
853
878
822
797
817
828
906
906
906
869
819
858
894
919
919
914
894
811
839
869
936
903
903
925
878
872
917
969
925
889
919
883
897
944
969
933
881
906
869
897
919
900
850
847
889
883
931
900
897
828
778
822
800
819
872
900
889
861
881
914
922
944
936
897
861
892
892
903
922
900
869
847
875
922
914
936
892
889
867
872
928
906
894
881
886
847
872
928
917
900
858
861
847
861
931
883
864
844
842
839
858
939
903
847
844
867
878
889
956
947
922
886
911
919
903
967
925
858
825
856
894
897
906
903
850
856
850
869
883
897
889
850
864
856
911
903
931
919
850
867
894
942
908
911
911
833
833
875
911
897
872
889
853
828
842
892
892
842
844
817
819
861
894
911
875
833
853
833
875
897
906
872
853
878
878
881
944
961
886
853
908
869
856
872
892
864
814
864
881
883
906
897
878
836
858
878
903
928
925
900
869
894
911
917
922
883
878
842
872
919
889
906
894
864
836
861
936
919
911
903
897
861
900
942
928
917
883
867
844
867
925
889
869
853
847
853
878
939
900
861
864
878
869
894
958
917
906
864
903
933
931
978
919
867
875
900
897
889
933
889
828
856
886
911
928
936
878
847
858
908
917
883
922
850
819
828
828
889
867
872
911
856
858
900
950
911
892
897
864
881
911
950
900
875
875
847
881
928
961
936
892
906
872
903
936
956
897
881
894
878
925
936
944
869
856
867
833
856
839
844
819
797
842
850
889
931
928
875
853
886
922
922
933
942
889
842
897
906
906
903
883
867
833
869
892
878
889
850
822
808
836
900
917
925
914
906
883
922
981
947
944
908
919
897
939
956
917
906
872
881
875
914
925
886
858
844
872
864
903
919
875
847
844
869
850
875
958
894
853
875
900
919
925
967
917
875
897
942
947